100 25 10
[[ -5.57393661e-01  -3.49318378e-01  -2.26249627e-01 ...,  -2.29254128e-01
    9.22153729e-01   7.66475790e-02]
 [ -7.97610390e-01   4.83249830e-01  -6.30744423e-01 ...,  -1.75502595e-01
   -3.71988605e-01   6.23148522e-02]
 [  8.95460318e-01   8.72499179e-01   5.80604476e-01 ...,  -6.35251304e-01
    8.99483480e-01  -3.09108556e-02]
 ..., 
 [ -3.46944963e-01  -5.75119635e-01  -9.53715865e-01 ...,   2.63759779e-03
    9.10774710e-01  -7.70694220e-04]
 [ -9.44510155e-01   4.88006247e-01   8.03074079e-01 ...,   8.58275793e-01
    1.26578406e-01   2.94223062e-01]
 [  7.32452286e-01   1.15297419e-01   6.32488575e-01 ...,   3.47608380e-01
   -2.42158474e-01  -1.43277157e-01]]
[[ 0.62964266 -0.66035207  0.18805105 -0.59679259  0.62068557 -0.22095769
   0.77981669  0.38912414  0.54432779 -0.95714707 -0.53784032 -0.76826548
  -0.37066083 -0.32201202  0.0904815  -0.75478235  0.24100437 -0.85602902
   0.49153519 -0.27598688  0.89346373 -0.48442251  0.8319702   0.10312946
  -0.01281587]
 [ 0.94799714  0.02880554 -0.34821451  0.49110386 -0.30806736  0.15915088
  -0.06665643  0.79286297 -0.66382576  0.53853761  0.50734542  0.29552201
  -0.63871822 -0.49457806 -0.90567189  0.02103685  0.89332719  0.20983645
   0.37232688 -0.07641994 -0.87760219 -0.67644214 -0.94709299  0.13159702
   0.60933168]
 [-0.017452   -0.47354051  0.49730405 -0.52522197 -0.83934037  0.08673819
  -0.87439564 -0.39103374  0.95532984 -0.62174967  0.13641917 -0.17056192
   0.49703748 -0.72716496 -0.65023775  0.65946546  0.59650966  0.38425326
  -0.57977441  0.97953917 -0.18813625  0.78022199 -0.15079566  0.75095284
   0.33084189]
 [ 0.97131208 -0.64661338 -0.96810101 -0.10097187  0.90830738 -0.04347916
   0.03250918  0.08484899  0.61707021  0.21778809 -0.50823975  0.62794629
  -0.17576919  0.78552653 -0.26173028 -0.40574517 -0.24938056 -0.34856943
   0.5716901   0.16126322 -0.77076282 -0.55479845 -0.60113121 -0.11266541
  -0.80531878]
 [ 0.05009864 -0.65890415  0.4461302   0.3441872  -0.17769624 -0.05414289
   0.47385788  0.19465886  0.68307532  0.34159399 -0.80756103 -0.91958359
  -0.75426855 -0.19900329  0.54202496 -0.90808623 -0.20569841  0.05328612
   0.03630667  0.24277842  0.90156283 -0.87975417  0.20610445 -0.91893416
  -0.24907887]
 [ 0.08089402  0.36549135 -0.02095145  0.21637231  0.39780754 -0.28135997
  -0.33416345 -0.90662661  0.84904474  0.54211048  0.89519726  0.04046889
   0.84431685  0.52815849  0.90209339  0.5583317  -0.45313408  0.22923745
  -0.58840647  0.27378669  0.26817252 -0.32067434 -0.27789298 -0.53978046
  -0.30646655]
 [ 0.67556795  0.95708524 -0.98591414 -1.00841802 -0.60944778 -0.0474779
  -0.06602928 -0.34069438  0.81732418  0.37753155 -0.63141207 -0.56840836
  -0.26724893  0.79893962  0.39285307 -0.90656657  0.7734221   0.02736618
   0.57244784 -0.42538001  0.85302969  0.60685966  0.26921966  0.39654403
  -0.54868684]
 [ 0.60909423  0.12762793  0.88140534 -0.969886   -0.80312113  0.16182241
   0.67124574 -0.79404322  0.89451442 -0.54964111 -0.02803852  0.29219799
  -0.80448124  0.30535186 -0.72942539 -0.24054577  0.34554598 -0.03891271
   0.87061354 -0.28029845 -0.3153695  -0.15162068 -0.07943279 -0.59757359
   0.52116631]
 [ 0.04563913 -0.05421609 -0.29531145 -0.26821487 -0.2700088  -0.57187969
   0.51122785 -0.78727442 -0.5703414  -0.33284765 -0.95969839 -0.75610528
  -0.04426682 -0.43376132  0.25985583  0.66362002  0.12996244  0.64090283
  -0.84468989 -0.623421    0.28450626  0.86965937  0.07618602  0.15739999
   0.01735058]
 [ 0.91864468  0.74780032  0.12306764 -0.83419296 -0.63347207 -1.01050389
  -0.77048956 -0.26256875 -0.14962244  0.83564549 -0.39551368 -0.47292929
  -0.89348798 -0.33243806 -0.84917783 -0.44230693 -0.01157608 -0.27756183
  -0.58219225 -0.36907747  0.48271912 -0.54055621  0.04911698 -0.36193899
  -0.92640158]]