100 25 10
[[ 0.40454469  0.90068868  0.08043693 ..., -0.55843007  0.52391749
   0.50050825]
 [-0.82390733  0.50506913 -0.83983082 ..., -0.17763006 -0.26934771
   0.47842303]
 [ 0.53578941 -0.78835083  0.11311637 ...,  0.58118602  0.57873624
  -0.15234516]
 ..., 
 [-0.57671577 -0.27354542  0.72149623 ...,  0.93100139  0.32644935
   0.2056653 ]
 [ 0.47523986 -0.50178654 -0.80106163 ...,  0.22579606 -0.93735127
   0.4144655 ]
 [ 0.01391092  0.14310042  0.56621366 ...,  0.60563502 -0.01489158
   0.87861401]]
[[ 0.21275021  0.13418599  0.39909141 -0.80114309 -0.87998369 -0.97915813
   0.38373964  0.89247012  0.19824317  0.88056939 -0.8729991  -0.78313433
  -0.04456352  0.58826126  0.18025387 -0.77523347  0.98693449 -0.75066298
   0.12035582  0.30098168  0.34571049 -0.5470461   0.63448651  0.70658031
  -0.5155328 ]
 [ 0.94038105 -0.26498656 -0.69690355  0.54561292 -0.25721294  0.50120965
   0.01563545 -0.61454973  0.1001475  -0.67278351  0.23860225 -0.50530837
   0.1403836  -0.81615689 -0.06523089  0.91593161  0.27703414  0.94577869
   0.15751786  0.60512728  0.27896723 -0.9028207  -0.03148081 -0.71219883
  -0.07002835]
 [ 0.62836696 -0.04743539 -0.82029394  0.38011733  0.70680646 -0.81210889
   0.47748668 -0.71012267 -0.14507262  0.67159299  0.87590234 -0.02411622
  -0.97947779  0.83156487 -0.36655792 -0.1656684  -0.68103872 -0.19015746
  -0.94168354 -0.65306099 -0.80160416 -0.90985803  0.81918072  0.29350238
   0.66037823]
 [-0.45218491  0.34538005 -0.14260787 -0.50870577  0.5578323  -0.50897142
  -0.30565692 -0.79339007 -0.91116665 -0.22485506 -0.67769105  0.73906653
  -0.91432842  0.56309495  0.77658417 -0.94842482 -0.78965845 -0.78105254
   0.29366632  0.10803789  0.0675978  -0.21638985  0.8119361   0.49315077
  -0.67302645]
 [ 0.46939306  0.81605634  0.23139965 -0.34786256  0.56655915  0.23315479
  -0.10066009 -0.47269013 -0.72910194 -0.66525094  0.91558712  0.10038309
  -0.9442569   0.45229387  0.21428202  0.20314171 -0.59604787  0.12051326
  -0.67481879  0.67269353  0.28298674  0.79801538  0.24293481  0.20469256
   0.69629424]
 [ 0.54410052  0.07096095  0.64413617  0.19803209 -0.57090734 -0.99277862
  -0.54918333 -0.92585692  0.06376881  0.67623953  0.6025425  -0.8235215
   0.09247443 -0.38110383 -0.25068852 -0.58327052 -0.59172822  0.08130762
   0.60566065  0.98794079  0.56461741  0.52550421 -0.09155456  0.45134756
   0.79099129]
 [ 0.4265926  -0.78523277 -0.44414486  0.1869644   0.64400366  0.2405984
   0.7561043   0.68145387 -0.99692502  0.29158956 -0.41611174  0.82620741
   0.5634248   0.76005904 -0.96971827  0.20129803  0.98156809 -0.63763241
   0.48929272 -0.81982795  0.33571166 -0.94200124 -0.97611293  0.90938174
   0.79450151]
 [-0.19149519 -0.12601662 -0.22366679  0.87580439 -0.02371991  0.12263295
  -0.34296275  0.88209893 -0.68415634  0.30730421  0.68856086 -0.08631665
  -0.81044151  0.68578069  0.45285742 -0.06701129 -0.95773967  0.73456923
  -0.50894313 -0.25121973 -0.42901811 -0.51680223  0.74832914  0.30861231
  -0.20721181]
 [ 0.33868991 -0.58842727  0.46627929  0.7571892  -0.79229519 -0.71415358
  -0.26792565  0.55353004 -0.95187744  0.73655155 -0.41375803  0.73152353
  -0.35128579  0.41073512 -0.25459611  0.96571375 -0.08006763  0.24086173
   0.83718356 -0.98567215 -0.34681451 -0.86277064 -0.65788017  0.80017712
  -0.83120921]
 [ 0.42020403 -0.02200003 -0.01156353  0.85548193 -0.5709391  -0.58427831
   0.55568779  0.35077314  0.38574981  0.86696373 -0.75634146 -0.498169
  -0.57442353  0.08775265 -0.78428087 -0.60017468  0.35084569 -0.95894768
  -0.04686824  0.20977616 -0.79129909 -0.08304161  0.35999689 -0.59314116
  -0.49172047]]