100 25 9
[[ 0.73418409 -0.91431146  0.2613784  ...,  0.14317175 -0.06776996
   0.29693459]
 [-0.58011388  0.95150357 -0.16718363 ..., -0.1042773   0.25207609
   0.83141647]
 [ 0.39654611  0.85069945 -0.00236753 ..., -0.79316583 -0.56264643
   0.28930678]
 ..., 
 [ 0.31105433  0.70435924  0.72345313 ...,  0.00979052 -0.4795767
  -0.17798574]
 [ 0.80040256 -0.48183456  0.30962007 ...,  0.07926248 -0.8781512
  -0.12703418]
 [-0.01776496 -0.50156845 -0.4738619  ...,  0.61550248 -0.41497421
   0.83196871]]
[[ 0.75700837  0.26269541  0.73829603 -0.47043273 -0.54487448 -0.0019856
  -0.32518919 -0.4475134  -0.46118471 -0.42170654 -0.73551434  0.73987323
   0.24732562 -0.92559767  0.5895768   0.65033222  0.70498152 -0.30171549
   0.45406571 -0.92375675  1.00782391 -0.61763991 -0.66670701  0.53193651
  -0.26532745]
 [-0.36832602  0.164795   -0.81518043 -0.25448316  0.44064021 -0.95178396
   0.62975474 -0.19286482 -0.47168232 -0.01583826 -0.50055937  0.75348458
   0.68406721 -0.79108937  0.11369398 -0.34242111  0.63586242  0.83183554
  -0.49615541 -0.56498535  0.23708401 -0.46792186  0.62793146  0.60793409
  -0.42707563]
 [ 0.32312596 -0.31270463  0.86216734  0.57073686  0.32083736 -0.13868477
   0.99950976  0.66109352  0.27997779  0.51155043 -0.20676098 -1.00872511
  -0.72871942 -0.42398783 -0.95409441  0.84349308 -0.75652111 -0.73821545
  -0.8603643  -0.277672    0.22254889  0.93699914 -0.3489486   0.18200755
  -0.63295891]
 [ 1.05522277  0.32929378 -0.29000968 -0.66952759 -0.35211066 -0.37926326
  -0.00110037 -0.81323401  0.07567336  0.14681727 -0.64819931 -0.54954988
   0.06030838 -0.95118512  0.12998692 -0.15839316  0.8381824   0.49935099
   0.90373461 -0.8150666  -0.39179097 -0.39902117 -0.0277757  -0.54769997
  -0.8166022 ]
 [ 0.69635491  0.05247791 -0.88005505  0.00158162 -0.56248485 -0.93220174
  -0.64575909 -0.11685131 -0.01268851 -0.65315455  1.01089097 -0.68509609
  -0.19793926 -0.90387651  0.70672072  0.81732497 -0.17007603 -0.79696049
  -0.34608996  0.97663858 -0.78772627 -0.86643334  0.23985107  0.24693318
  -0.67319374]
 [-0.05290528 -0.21226425  0.05469375  0.40492129 -0.44257456 -0.49480007
   0.51832004 -0.1730201  -0.93574282 -0.85017126  0.90673828 -0.64010608
   0.67773023  0.66286617 -0.25530449  0.422337    0.8720049   0.08093317
   0.44238766  0.09772221 -0.7215838  -0.95835318  0.24735719  0.10690631
   0.77513776]
 [ 0.87652031 -0.9826333   0.50765057  0.79461569  0.74247194  0.50809468
   0.77809553 -0.77151442  0.00285089  0.89922439 -0.01356554 -0.41419134
   0.42244794  1.00852225 -0.6788105  -0.05894066 -0.34385473  0.69338409
  -0.95888185  0.39953896  0.61284569  0.3412939  -0.15032078 -0.59046483
  -0.30914224]
 [ 0.06112129  0.62341552 -0.22846592  0.216763    0.42062615 -1.02075995
   0.68210643 -0.14873369 -0.19584078 -0.96177021 -0.10788474 -0.49066569
  -0.73171686 -1.04928907 -0.29964779  0.62212707  0.57907622 -0.19684039
   0.80551461 -0.2450432  -0.62696651  0.94267191  0.50026431  0.21756521
   0.71754833]
 [ 0.83752182  0.73741965  0.77064316 -0.82389927  0.16198818  0.68710646
  -0.0516122  -0.96618168 -0.94340899  0.09760681  0.83766761 -0.47426512
   0.9863823  -0.78259243  0.68127551 -0.81117769  0.78255358  0.18111559
  -0.90401817 -0.33808279 -0.81082388 -0.21543667 -0.99842432  0.5327849
  -0.06204501]]