100 25 10
[[ 0.71292907 -0.27082773  0.33081439 ...,  0.84719101  0.89224807
  -0.82185679]
 [-0.7503917   0.50205053  0.40967995 ..., -0.46816303 -0.76842285
   0.2675125 ]
 [-0.39151005  0.67673475 -0.13698105 ..., -0.51580435 -0.40929571
   0.54747645]
 ..., 
 [-0.03126236  0.5311532   0.01383592 ..., -0.55393378 -0.91471825
   0.49499106]
 [ 0.3772343   0.44003328 -0.3573268  ...,  0.48991306  0.70325131
  -0.41867116]
 [ 0.75958001  0.10429228 -0.79562091 ..., -0.3489663  -0.27659431
   0.61002202]]
[[ 0.13324563 -0.87030427  0.4654598   0.17416997  0.18056613 -0.36682991
   0.79750818 -0.62390633 -0.79562391  0.90893494 -0.42775246 -0.92438315
   0.73020275  0.20242757 -0.92544683 -0.39685742  0.17185834 -0.43344186
   0.53449543 -0.07638779 -0.74922703 -0.92278183 -0.32117222 -0.08191311
  -0.07745665]
 [ 0.21979456  0.82912154 -0.4116794   0.59890477 -0.34827695  0.49977922
  -0.66338943 -0.60305882  0.55863058  0.85887687  0.01358376 -0.89611304
  -0.57099659 -0.71800815  0.87392576  0.5264694   0.39493836 -0.27967157
   0.26386824  0.09666828 -0.8402516  -0.96434038  0.71358669  0.33903871
  -1.00875648]
 [ 0.70859771 -0.56765003 -0.16192783 -0.20777961 -0.3985981  -0.99690157
   0.09741057  0.65074447 -0.25366605  0.34713529 -0.64411292  0.26550685
  -0.79831514  0.74203629 -0.02783842  0.78722573  0.64054057  0.75009221
   0.90075304  0.61248326 -0.34090562  0.77648426 -0.01687533  0.74883669
   0.33082208]
 [-0.42874894  0.73767372 -0.78378298  0.45022521 -0.29164865  0.91741447
   0.04253636 -0.70573954  0.60461892  0.20637876  0.55593351  0.69724616
   0.76787483  0.32624858 -0.30008628 -0.34229198 -0.19221138  0.75887759
   0.96375706 -0.9617026   0.45455922  0.20352793 -0.71243903 -0.17225691
  -0.09760954]
 [ 0.91218567 -0.92198273  0.0891953   0.57404336  0.4464911  -0.32617556
  -0.65205508  0.09971743  0.34590093 -0.35893013 -0.82973475  0.21567907
   0.26718605 -0.29621098  0.05066565  0.45366861  0.70571505  0.08836107
   0.27837378  0.68285175  0.69322863  0.22124228  0.90897712 -0.68764621
  -0.78269052]
 [-0.50572131  0.7350218  -0.63899116  0.21830089  0.81839898  0.61828281
   0.11267332 -0.8633686   0.34315397  0.43569415 -0.57435212 -0.2845599
   0.8954282  -0.09251329  0.50731679 -0.03340839  0.77217218 -0.09753178
  -0.31864834  0.04773589  0.23085461  0.80700463 -0.49078274  0.11497989
  -0.84489176]
 [-0.61172785  1.01158804 -0.44507965 -0.10645312  0.76438357 -0.76355664
  -0.95770768  0.70504691  0.81412365  0.3506865   0.26351374 -0.74841785
  -0.30671295 -0.72501781  0.42033528  0.17351026  0.52442036  0.60306028
  -0.56390374 -0.20796937 -0.51570151 -0.81435989  0.52107585 -0.55957325
   0.89319708]
 [ 0.92496448  0.03998959 -0.1711891   0.25611312 -0.18812939 -0.77568684
  -0.70090848 -0.3533479  -0.99197191  0.5164504   0.95484594  0.01260467
  -0.47973289 -0.24522174  0.2143329  -0.23904102  0.46568828 -0.06189821
  -0.96917568 -0.09801351  0.07689918  0.18445335 -0.56268712  0.39230457
  -0.9110149 ]
 [ 0.27411482  0.11543151 -0.27776178 -0.34262119 -0.91733412 -0.5248676
   0.00943927 -0.31750246 -0.62917618  0.37855735 -0.96692176 -0.36220878
  -0.62475239 -0.38617895 -0.64520085 -0.76541495 -0.82714866 -0.56292778
  -0.86690412  0.25839124  0.56558131  0.92257579  0.52196619  0.23509864
  -0.24628751]
 [ 0.9367709  -0.41125717 -0.92272439  0.41335098 -0.55935823  0.56056284
  -0.39970336 -0.2104935  -0.14199975  0.06306979 -0.95912772 -0.8804057
  -0.66719821  0.14661702 -0.4472598  -0.38739793  0.83140358  1.00318849
  -0.90752719 -0.4780651  -0.96234659  0.65222616 -0.59450625 -0.06613344
   0.13804261]]