100 25 9
[[-0.37464129 -0.01709151 -0.19095854 ...,  0.90591111 -0.28711943
  -0.35017948]
 [ 0.29324748  0.80000198  0.24976608 ..., -0.07494867  0.28454943
   0.94644204]
 [-0.9105652  -0.99519431  0.34024948 ..., -0.25350028 -0.46587682
  -0.66951315]
 ..., 
 [ 0.89617489 -0.62114272  0.64052023 ...,  0.27904799 -0.61251161
   0.29413356]
 [ 0.50007854 -0.73040757  0.86036344 ..., -0.81911721 -0.56183528
  -0.46831643]
 [-0.49042827 -0.38625694 -0.76386402 ..., -0.1476982  -0.90754585
  -0.55811321]]
[[-0.78883919 -0.30500883  0.4657585  -0.45199371 -0.79688276 -0.27457226
  -0.73655191  0.65657211 -0.63984458 -0.10553289  0.02849817  0.17366425
  -0.79836948  0.79108229 -0.14352583 -0.68614363 -0.12566415 -0.08943351
   0.24560406 -0.68790836  0.1435461  -0.23394349  0.13074436 -0.87961309
  -0.25222461]
 [ 0.80487553  0.80534394 -0.83651764 -0.55120728 -0.28948101 -0.03608156
   0.55101304 -0.32255049 -0.11989629 -0.13008586 -0.18503512 -0.38446232
  -0.02535235 -0.58787117 -0.86813036 -0.97842821  0.48225335  0.86564404
  -0.91658771  0.04920331 -0.93413222  0.33848196 -0.09387782 -0.51198068
  -0.43217692]
 [ 0.44016266 -0.07226661 -0.24101887  0.01632355 -0.73705371  0.71696588
   1.07023644 -0.68499861 -0.70499152 -0.39595568  0.18190626  0.34121376
   0.01417417  0.46395679 -0.24275037 -0.60128508  0.02900538 -0.75973577
   0.91437636 -0.53328129  0.70256011  0.5560724   0.67065561  0.57007747
  -0.64185095]
 [ 0.30130307 -0.75044344 -0.85674032 -0.03207005 -0.3895414  -0.14959476
   0.42868145 -0.07184223  0.8430866   0.36960255  0.37772074  0.34674312
   0.59553642  0.66191737 -0.93716731 -0.15402071  0.89360469 -0.23299246
  -0.17307364 -0.32287118  0.35036286 -0.51921905 -0.68555973 -0.01132163
  -0.37171931]
 [ 0.38212915 -0.43870874  0.75048258  0.15927673  0.27658481  0.43080824
   0.85501653  0.33784325  0.37841644 -0.66916737 -0.67393516  0.94829125
  -0.76840355 -0.16496783 -0.86907075 -0.52010618 -0.19517818  0.09964198
   0.91446959 -0.16668912  0.30135283  0.45646507  0.10395951 -0.93895492
   0.18919872]
 [ 0.64220538 -0.09566035  0.02493944 -0.42231255  0.96082931  0.26622557
   0.4052379   0.32805302 -0.75968897 -0.58334137 -0.5657135  -0.29547786
  -0.38454787 -0.95067853 -0.78475455  0.30212198  0.78592384  0.26380771
  -0.52696033  0.6177857  -0.48943932 -0.98109706  0.41288747  0.84869292
   0.85963016]
 [ 0.82856306  0.32080166  0.42511983  0.94333101 -0.91203106 -0.60302141
   0.28199226  0.73339686  0.18297934 -0.18330962 -0.74436221 -0.86592919
   0.47362249 -0.42873867  0.1050566  -0.01970927  0.35660276  0.24268729
  -0.95777913  0.91394344 -0.71963323  0.92761073 -0.08512656 -0.83033278
   0.22172489]
 [ 0.02659014 -0.96611001 -0.4756      0.14479221 -0.1471499   0.9087147
   0.30081352 -0.86189415  0.99606292  0.59087507 -0.73820622 -0.49825648
   0.97643927  0.43945483  0.21667811  0.73898431 -0.4425755   0.11032613
  -0.80807539  0.99562565 -0.05137119  0.43016942 -0.06040503  0.67848664
  -0.45295621]
 [ 0.06446748  0.00992678  0.39925546 -0.24905906 -0.734483    0.06188257
  -0.30565757  0.94758685 -0.71363642 -0.08352891  0.14248019 -0.50242309
   0.90797658 -0.77452628  0.59265487 -0.94177559  0.66831672 -0.2769596
   0.57592197  0.00320985 -0.19825456 -0.38795363  0.94663096  0.70099142
  -0.45936847]]