100 25 10
[[-0.56991073 -0.34255707 -0.16379228 ..., -0.2007428   0.87914689
  -0.54165617]
 [ 0.49483871  0.50220909 -0.64935585 ..., -0.92070938 -0.82139929
   0.80310277]
 [ 0.28002369  0.84788692  0.78959401 ..., -0.62945666  0.53894799
   0.47276512]
 ..., 
 [ 0.0743896  -0.56558624  0.94260233 ...,  0.98290318  0.75749044
   0.03080735]
 [-0.88759895  0.83934262  0.96246196 ...,  0.65750371 -0.15515354
   0.3069162 ]
 [-0.98629038  0.82358642 -0.44351346 ...,  0.24464235 -0.27075373
   0.00852108]]
[[ 0.83378067  0.63973325 -0.99819824 -0.59424723 -0.17195949 -0.46542004
   0.79965192  0.37436408  0.565574   -0.95363235 -0.50875786 -0.51443811
  -0.395991    0.45567827 -0.21913848 -0.73251269  0.29869583 -0.87825666
   0.85212069  0.46008814 -0.04943376 -0.45600109  0.8383651  -0.92757309
   0.62322567]
 [ 0.66059148 -0.41956033 -0.32143403  0.54813695 -0.31320448  0.19171922
   0.08094902 -0.14819719 -0.79352508  0.76962733  0.40121791  0.56224667
  -0.64753776 -0.49077178 -0.87281826  0.17046829  0.89613514  0.11684012
   0.69766684  0.32420057 -0.87035025 -0.68284262 -0.92825526  0.24014534
   0.03267735]
 [ 0.58600078 -0.74113028  0.63019811 -0.6536093  -0.84707285 -0.64741404
  -0.86756152  0.58669419 -0.4434965  -0.11332675  0.30400088  0.04687225
   0.46506135  0.24758551 -0.69159064  0.92707219  0.59311918 -0.14305068
  -0.42914044 -0.16382904  0.62316976  0.79342956 -0.18734569  0.778266
  -0.29377676]
 [ 0.96080549  0.83550913  0.54353733 -0.1044866   0.07654698  0.43664562
   0.05971543  0.09255546  0.6204237   0.23189855  0.12757801  0.63973848
   0.23175482  0.79159272 -0.31142754  0.13156432 -0.26999228  0.88000352
   0.14392953  0.04189121  0.42627152  0.39848463  0.86505354  0.30097945
  -0.81674032]
 [ 0.17210903  0.69654545  0.54674472 -0.68302366  0.9898072  -0.01213082
  -0.54639271  0.19514406 -0.73749822 -0.61117004  0.47005027  0.09263597
  -0.62836409 -0.11740264 -0.08226736 -0.90493199  0.59038944 -0.27238479
   0.01831703  0.62493016  0.87940302  0.21656901  0.18598022 -0.63822171
   0.85436376]
 [ 0.12575852 -0.2383586  -0.00764072 -0.19334068  0.80686445 -0.35645745
  -0.35525595 -0.87900066  0.840019    0.55793065  0.88888978  0.04567206
   0.8788423  -0.92894782  0.40251353  0.18463297 -0.57997564  0.20090695
  -0.55296017  0.29645578  0.25754927 -0.71949684 -0.31167513 -0.5363532
  -0.31738024]
 [ 0.67747992 -0.73303381 -1.01249157 -1.01481068 -0.56469831 -0.08763153
   0.38389331 -0.38427295  0.82101038  0.43909093  0.09201012 -0.58855094
  -0.30368422  0.79361179  0.70333963 -0.9318662   0.7714483   0.05876129
   0.56537011  0.01378959  0.82423102  0.06545666  0.29270568  0.05556531
  -0.49658896]
 [ 0.80108228 -0.67774547  0.9107486   0.03799968 -0.81218009  0.13394358
   0.06279244 -0.31713377 -0.9922633   0.16115222 -0.42504803 -0.2587297
  -0.05316932  0.52532198 -0.27740471  0.13600466  0.50922179 -0.07972657
   0.43554325 -0.26705515 -0.57663336 -0.15912166  0.42261566  0.79103019
   0.85590848]
 [-0.93252712  0.74995076 -0.8136657   0.65658923  0.78679133  0.76952496
   0.01502698  0.19522788 -0.11982131 -0.98934159 -0.97924744 -0.17027856
  -0.00606386 -0.55864816  0.20952212  0.44340943 -0.56938029  0.55477211
   0.16193027  0.06781462  0.30633569 -0.36868513  0.06698634 -0.57006562
  -0.30245009]
 [ 0.47239422  0.70895996  0.4282019  -0.8352298  -0.6097489  -0.19510006
  -0.78385606  0.80040788 -0.20020475 -0.68744376  0.45689383 -0.07231606
   0.59005261  0.19040216  0.91210902 -0.41232767 -0.08425724 -0.33496028
  -0.59958585 -0.35676865 -0.37807154 -0.55244613  0.02087981 -0.36504828
  -0.13336922]]