100 25 9
[[ 0.79615589 -0.58436227  0.07827966 ...,  0.24165883  0.75889047
  -0.1059377 ]
 [-0.00790536 -0.40054045 -0.89715203 ...,  0.15646538 -0.44130869
  -0.41556782]
 [ 0.24220215 -0.43078274 -0.03650873 ...,  0.35336164 -0.95201233
   0.10058028]
 ..., 
 [ 0.09998368  0.29464211 -0.64565351 ...,  0.14536819  0.47802649
   0.71444935]
 [-0.8946516   0.58171005  0.39184814 ..., -0.47049366  0.57718161
   0.39203559]
 [ 0.37562466 -0.64350512 -0.73479608 ...,  0.84972204 -0.34583956
  -0.62238116]]
[[-0.07157911  0.40185096 -0.15037663 -0.66505329 -0.91164156  0.89373607
  -0.21767402  0.16983091 -0.03777469  0.0982164  -0.63233609  0.72327467
  -0.64439044  0.69833627  0.79960433  0.33452942 -0.56729104  1.00741288
  -0.53329091 -0.12421975 -0.03915675 -0.66140991 -0.66757325  0.09657816
  -0.81868223]
 [ 0.54980173  0.38061908 -0.63726585 -0.82957174  0.28836118  0.29589547
   0.44117431  0.90888255 -0.35791004 -0.77458208 -0.14628099  0.08226094
  -0.45635974 -0.41427599 -0.55831142 -0.46686204  0.73560342 -0.71326202
  -0.94008444 -0.43126293 -0.3212455  -0.13640365  0.47604827  0.95094916
   0.78947677]
 [-0.00511397 -0.16644823  0.30921129  0.22861135 -0.27763194  0.23171577
  -0.01139368 -0.43568827 -0.69841623 -0.55278678  0.14913969 -0.47936996
  -0.04969458  0.58483569  0.71978869 -0.6625762   0.65549117 -0.02815236
  -0.77507609  0.59024473 -0.7131376   0.95269238 -0.52856569  0.75839369
  -0.88326779]
 [-0.69620364  0.32302902  0.56954753  0.9777839   0.7379785   0.65947629
   0.94209381  0.83684951  0.30864225  0.30707379 -0.57870365  0.12244868
   0.25013742 -0.10945114 -0.45087711 -0.77446738 -0.81441425  0.85990054
   0.66758998  0.10093148  0.50500186 -0.56134264  0.03332464  0.59249368
  -0.80544151]
 [ 0.30913603 -0.8869695  -0.33637208 -0.08344663  0.11324334  0.29830729
   0.03111606  0.90631632 -0.47442402  0.95855506 -0.08991037 -0.46375613
   0.51711057 -0.47267287  0.96477687  0.04669915  0.04865268 -0.50236068
  -0.14063251  0.94728546  0.85338945 -0.22554069  0.61703933 -0.58192794
   0.68199124]
 [ 0.74900192 -0.2036408  -0.56017763  0.71376064  0.75759993 -0.26355783
   0.14936832  0.26550808  0.79512672 -0.57147319  0.98402635 -0.31383421
   0.11314955  0.36488186 -0.30784976  0.88653332 -0.66465409  0.22380826
   0.59325331 -0.46862499  0.74992612 -0.2691484   0.5984517  -0.50096329
  -0.09180507]
 [ 0.27704994  0.49795863 -0.20096075  0.15890121  0.93409048  0.39238267
   0.85961976  0.01294558  0.95913377 -0.98379584 -0.95457835  0.01129355
  -0.73469188 -0.68611855  0.08740344 -0.43323183  0.3708531   0.94301961
   0.1733248   0.29141344 -0.88571654  0.53625205 -0.52659916  0.65628292
   0.84730586]
 [ 0.94398595  0.72771535 -0.32291307 -0.3349268   0.83611434  0.93385385
  -0.48124896  0.88098935  0.43619939 -0.36366565 -0.70363273 -0.91469751
  -0.30568948  0.39736568 -0.32312068  0.23648193  0.67077777 -0.15063858
  -0.12510438  0.04166992 -0.48011505  0.05929949 -0.11597621  0.31961707
  -0.9738139 ]
 [-0.2279307  -0.8094159   0.77935092  0.16341249  0.44694375 -0.84104308
   0.63038363  0.26750436 -0.69938037  0.79082862 -0.05224341 -0.54380458
   0.90476446  0.20444237 -0.75759039 -0.44198586  0.52378996 -0.11240444
   0.84019817 -0.35310265  0.75473247 -0.59952198  0.77914709  0.66770936
   0.8927737 ]]