100 25 10
[[-0.58105349  0.12649726 -0.6514703  ..., -0.20808475  0.90724704
  -0.54280388]
 [ 0.50934205  0.50978033 -0.64091118 ...,  0.47418189 -0.84067288
   0.09857096]
 [ 0.908577    0.84949895  0.82873836 ..., -0.62027823  0.53674963
  -0.60469004]
 ..., 
 [ 0.02644451 -0.56973973  0.93078709 ...,  0.94487461  0.74707046
   0.04740539]
 [-0.89502597  0.52633403  0.93897969 ...,  0.67533633  0.56379806
   0.58373079]
 [ 0.12580488  0.80385334  0.61347758 ...,  0.23343676 -0.30168182
   0.01188519]]
[[ 0.60213086 -0.47925332  0.65467625 -0.58514493  0.7300956  -0.19770756
   0.78716698  0.37842593  0.55965225 -0.27387139 -0.49617201 -0.52180496
  -0.38040032 -0.96729713 -0.00634877 -0.76533857  0.27866415 -0.84411182
   0.47482765  0.19089919  0.86227501 -0.46532872  0.8387355  -0.18027526
   0.58732412]
 [ 0.57740258 -0.39086796 -0.97323071 -0.46076977 -0.29477163 -0.13844515
   0.0788348  -0.15140439 -0.78082225  0.77169321  0.50389085  0.29397511
  -0.64790313 -0.49223707 -0.87455528  0.03988054  0.88346296  0.13487671
   0.6981457   0.33472186 -0.86244513  0.28492958 -0.90566355  0.22441686
   0.06486158]
 [-0.01340409 -0.72288857  0.48855816 -0.68490785  0.83951469  0.09146585
  -0.86419492 -0.49079997 -0.45668575  0.79924409  0.14180744 -0.16952516
  -0.12716803 -0.78086021 -0.6845245   0.70964334 -0.16805549  0.38930558
  -0.41632764  0.9859122   0.63710644  0.77546555 -0.2160531   0.76975542
  -0.31876735]
 [ 0.95289015  0.76833032  0.55222009 -0.10209379  0.08248211  0.44706782
   0.06284137  0.1049456   0.62990684  0.22481427  0.08805677  0.69127394
  -0.17516894  0.79264216 -0.28684611  0.00540287 -0.2633291  -0.30059287
   0.17650334 -0.89657209 -0.78559089  0.38989294  0.82102024  0.28397712
  -0.76912483]
 [-0.44889734 -0.44867913  0.53782217 -0.67008871  0.0925571  -0.02124294
  -0.50883293 -0.00124668 -0.3959623  -0.584801    0.45167218  0.09560658
  -0.10199392 -0.22277803 -0.8535318  -0.90715493 -0.80394641  0.07548247
   0.01400945  0.61018708  0.01242808  0.21497495  0.18249337 -0.63517589
   0.34388449]
 [ 0.11796457  0.08309143  0.50105293  0.47746372 -0.70507184 -0.35204071
  -0.84140907 -0.88163881  0.83470199  0.47250794  0.85136497  0.67059199
   0.8910707  -0.92892579  0.89688368  0.84490362 -0.46942277  0.0410502
  -0.58541311  0.29641013 -0.20507282 -0.73670226 -0.29497422 -0.53801173
  -0.29906488]
 [ 0.65977274 -0.74706343 -1.01934819  0.8060723  -0.60576084 -0.5351864
   0.40199754 -0.38090515  0.83113491  0.46881194 -0.17344637 -0.10182216
  -0.27587387 -0.48350533  0.36501795 -0.91070593  0.621654    0.05743756
   0.5854393   0.00131961  0.85838012  0.53127693  0.27192191  0.0577891
  -0.51053818]
 [ 0.79737605 -0.68157067  0.92354949  0.04537951 -0.88176947  0.14452096
  -0.18599264 -0.31707675 -0.62518209  0.13680414 -0.43294214  0.77139703
  -0.05743066  0.31748741 -0.97537314  0.1349375   0.33781456 -0.10021694
   0.91828208 -0.28968876 -0.58352587 -0.95547524  0.13014827  0.77978925
   0.85373313]
 [-0.96034061 -0.07715197 -0.82438427  0.68007988  0.78727262 -0.02297556
   0.56065878  0.18639521 -0.14029601 -0.31968313 -0.97715631 -0.26225141
  -0.0368333   0.35773794  0.22160618  0.47633628 -0.5674642   0.63562333
  -0.88689882 -0.62198177  0.62465458  0.08190042  0.08245029 -0.57480494
   0.5244547 ]
 [ 0.93364885 -0.42866112  0.37387245  0.5523324  -0.31870979 -0.21181537
  -0.79427297  0.39980088 -0.1625582  -0.68842698  0.46783926 -0.47361426
  -0.96652409  0.18753593 -0.85028502 -0.14472545 -0.04488538 -0.31112517
  -0.61402005 -0.35635536 -0.37208654 -0.52934957  0.04375878 -0.35480979
   0.15806853]]