100 25 10
[[-0.44965319 -0.67757488 -0.78637296 ...,  0.82082339  0.71166972
   0.15384265]
 [ 0.09651075  0.60658863 -0.92463806 ..., -0.19874202 -0.97884275
   0.17567964]
 [-0.13439451  0.64332788  0.81724505 ...,  0.93487993 -0.71779586
  -0.47899738]
 ..., 
 [-0.49097462  0.41729556  0.22366199 ...,  0.83648451  0.975925
   0.20741237]
 [-0.74492306 -0.9088002   0.4312626  ..., -0.59704711  0.561098   -0.8912899 ]
 [ 0.50965394 -0.1408284  -0.00248472 ...,  0.94057895  0.8775409
   0.18148839]]
[[-0.24977174 -0.34148324  0.02278974  0.21980961 -0.50427336  0.58806054
  -0.06751516  0.68437119  0.46587403 -0.1951929   0.44481585 -0.79932
   0.01111543  0.27897983  0.01791902 -0.45372639 -0.06585956 -0.78502944
  -0.45206322 -0.40604546  0.98072274  0.01896648 -0.51293714  0.27677296
  -0.46553695]
 [-0.68129339 -0.4687994  -0.34685082 -0.86587418 -0.97273005  0.07988671
   0.05948181 -0.14704962  0.11543332 -0.69180652  0.92377366 -0.0662257
  -0.88688911 -0.67587172  0.7727838   0.90594624 -0.28971324  0.11955421
   0.04826809 -0.3854114  -0.26913828  0.81521478  0.08975911  0.15512337
   0.7787381 ]
 [-0.35677277 -0.80673464  0.35115461  0.09254819 -0.18991736  0.1667137
   0.38323903 -0.5840471  -0.89352471  0.71024272 -0.72588517  0.341474
   0.92809561 -0.38143133  0.75676253 -0.11244264 -0.51949079 -0.80659188
   0.19422166  0.26537767  0.67645165 -0.79311742  0.62667459 -0.20120608
  -0.88172365]
 [ 0.3203036   0.17985783  0.03337939  0.61585486  0.8545878  -0.07905695
   0.46648959 -0.81421956  0.9662287   0.69050311 -0.70673428 -0.21715593
  -0.25640368  0.37030715  0.77001217  0.63424545  0.9579708   0.59946768
  -0.35942531 -0.5336506   0.96318784 -0.25195351 -0.17110332  0.51730555
  -0.62190111]
 [ 0.09021689  0.13133986 -0.45154351  0.29226247 -0.66440983 -0.13018568
  -0.4574857   0.64239001 -0.71830437 -0.8476089  -0.14962159  0.98463393
  -0.32760652  0.43812952  0.6298404   0.4321173  -0.55592061 -0.24361707
  -0.49822009  0.90346138  0.60155115  0.42181606  0.41437829 -0.25294674
   0.72625596]
 [-0.93240037  0.44292405 -0.88600099  0.47447297 -0.1146911  -0.03447776
  -0.89548044 -0.92824617  0.51713827 -0.06298381 -0.94958914  0.03964751
  -0.72520398 -0.4897884   0.23882861  0.31253286  0.80720544  0.03527802
   0.58043388  0.95754331  0.14755234  0.74134665 -0.58848769  0.27981076
   0.05047469]
 [ 0.19027451 -0.79605196 -0.64201367  0.61040946 -0.02053921 -0.89901221
   0.94089924  0.34258125  0.29250195  0.28936376  0.03249297  0.59986006
  -0.89209726 -0.42984417 -0.9114685   0.40483622  0.60765743 -0.03648206
  -0.55321744 -0.32085363 -0.38417624  0.92112684 -0.7384872   0.73664752
   0.88684026]
 [ 0.17545902  0.84530312  0.64498138  0.74100179 -0.57647742  0.28841893
   0.64545314 -0.19096413  0.14593769 -0.40397342  0.30827815 -0.08306267
  -0.62530669 -0.10993579  0.6952029  -0.8597113  -0.85215427 -0.60748016
   0.38961507  0.0987497  -0.46328186  0.40702881  0.29124249  0.4159186
  -0.20099607]
 [ 0.32996467  0.24156051 -0.60116178 -0.30089484  0.91763323 -0.11236463
  -0.56594875  0.08323365 -0.05709733  0.07540647 -0.17429971 -0.5968883
  -0.55259336 -0.12658353 -0.39143422  0.92014045  0.03069618 -0.81114384
  -0.66809627  0.30307891  0.31078149  0.20543524 -0.27556283  0.29515672
  -0.89805972]
 [ 0.37905273 -0.58427365  0.3933748  -0.89506488 -0.61261548  0.14164424
  -0.84853165 -0.51791901  0.99832277 -0.16110317  0.6055976   0.17770683
  -0.54146499 -0.18713215 -1.0086616   0.86335856  0.39561949  0.17536368
  -0.5440278   0.65899552  0.96961267 -0.48943224 -0.0719303  -0.59644244
  -0.43661974]]