100 25 10
[[ 0.52675527  0.65855544 -0.1346044  ...,  0.17330854  0.51522297
   0.52885288]
 [-0.52090419  0.49539613  0.58931567 ..., -0.21142145  0.4682662
   0.49699632]
 [ 0.54311527 -0.78850449  0.54532738 ...,  0.61393222  0.54005627
  -0.44904306]
 ..., 
 [ 0.04829086 -0.27126371  0.84743776 ...,  0.9162156   0.31336474
   0.93279518]
 [ 0.49088219 -0.11168317  0.20394665 ...,  0.23608074  0.76465205
  -0.03746003]
 [ 0.01588505  0.21535512  0.59385946 ..., -0.78521569 -0.04848983
  -0.38191459]]
[[-0.13239721  0.13669725 -0.04729959 -0.18244444 -0.87758261 -0.75099664
   0.37184875  0.86313277  0.18767079  0.89950641  0.43164388  0.46898427
  -0.42976947 -0.84324019  0.19864148 -0.41964982  0.97273007 -0.79546796
   0.78508641 -0.22848363  0.35022868  0.17459633 -0.29620747  0.69092579
  -0.09722862]
 [ 0.72517024 -0.2479021  -0.69885844  0.55997528  0.03021271  0.51385465
   0.03171271 -0.94207583  0.18617681 -0.64063174  0.23367646 -0.47557489
   0.05236998 -0.79793627 -0.07430361  0.88659223  0.91360967 -0.49580196
   0.15111188 -0.811254    0.27301407 -0.98509457  0.00659288 -0.70998294
  -0.05538287]
 [ 0.64597408 -0.10800432 -0.84233538 -0.28437659  0.71704055  0.24704703
  -0.88188893  0.14840831 -0.19014474  0.56922805  0.87435185 -0.4266547
   0.4952908   0.82120077 -0.73277351 -0.15673906 -0.68068761 -0.33629834
  -0.93824419  0.36250871 -0.20971313  0.41849366  0.11798244 -0.44648573
   0.94923792]
 [-0.45342876 -0.04113949 -0.13710959  0.14544294 -0.91223205 -0.50675369
  -0.03603378  0.3192672   0.88815253  0.37449962 -0.67710628 -0.80535427
  -0.31798508 -0.19657189  0.77014577 -0.91467739 -0.74011281 -0.81597059
  -0.95461051  0.47260827 -0.3007691  -0.20825359  0.83004416 -0.28532419
  -0.67245239]
 [ 0.44382645 -0.54683176  0.91629875 -0.36956121  0.57449976  0.73827092
   0.27668998 -0.4611157  -0.70653324  0.87022039  0.88776066  0.09634435
  -0.44598251  0.59531182  0.18004284  0.98282957  0.91876828  0.15865456
   0.1021042   0.4501772   0.38888973  0.79104422 -0.91979459  0.19043409
   0.71070038]
 [ 0.55334265 -0.26628765 -0.06315666  0.24835559 -0.06269522 -0.78293416
  -0.52368441 -0.86537302  0.00947459  0.65917181 -1.00821525 -0.70897944
  -0.66425322 -0.36727579 -0.23201722 -0.60665644  0.99510619  0.21269997
   0.60800927  0.33974779  0.9742534   0.04389248 -0.40842415  0.14363626
  -0.09656585]
 [ 0.36829602 -0.22823033  0.07374332  0.18951378  0.61925621  0.26611299
   0.73005607  0.67582354 -1.01464107 -0.25108618 -0.04269229  0.60524959
   0.38700636  0.44672087 -0.84249726  0.34547463  0.97702237 -0.64310492
   0.8576802  -0.85417287  0.35059376 -0.92592236 -0.55232247  0.89102928
   0.86017777]
 [-0.20856345  0.27618982  0.10078886  0.87478596  0.0138854  -0.13382136
  -0.36551344  0.87793329 -0.65001795  0.98243724  0.67760307  0.70924559
  -0.8141404  -0.30259168 -0.93768947 -0.06534417 -0.99003294 -0.27719146
  -0.50091852 -0.10465177 -0.46293334  0.72095421  0.76448465  0.30301708
  -0.91111743]
 [ 0.84967896  0.25510961  0.10011752  0.41417253 -0.12109083 -0.72149595
  -0.27664253  0.60366841 -0.9178335   0.78804565 -0.1671396   0.73642608
  -0.79199516  0.57009522  0.40847378  0.47521528 -0.10751514  0.29689356
   0.85877435 -0.04364478 -0.32534605 -0.35775631  0.92153577  0.78267406
  -0.84856008]
 [ 0.44879644 -0.01134672 -0.47123061 -0.61868175 -0.43248911 -0.59938986
   0.56929922  0.32163596 -0.72629401 -0.05266316 -0.27360875  0.88838074
  -0.54127054 -0.05035362 -0.79643414  0.42678471  0.48724103 -0.72216404
  -0.13472655 -0.67384566 -0.79010179  0.4779017   0.00501921 -0.58970263
  -0.48960832]]