100 25 10
[[ 0.94877888 -0.89851342  0.35698422 ...,  0.28930369  0.5344688
   0.91972241]
 [-0.29429641  0.73745013 -0.37592668 ...,  0.79915879 -0.32610645
   0.6630761 ]
 [-0.97122757  0.16710659  0.05810832 ..., -0.7137572   0.231999    0.8534236 ]
 ..., 
 [ 0.7631528  -0.78042057  0.23069455 ...,  0.46887377  0.49145748
   0.77821294]
 [-0.66058684 -0.33304765 -0.89166006 ...,  0.13500519 -0.18031453
  -0.30569321]
 [-0.98426222 -0.20504211 -0.37975111 ...,  0.66902759  0.11648307
  -0.12013581]]
[[ 0.43377739  0.6297896   0.03726528  0.2037184  -0.44683258 -0.25730978
   0.43704828 -0.35170655 -0.73737861  0.75481986 -0.22379119 -0.32840726
   0.10506847  0.19567942  0.08018185 -0.49541693  0.06719946  0.16230687
   0.64044734 -0.29731446  0.16270802  0.64392713 -0.92392306  0.32884516
  -0.95056238]
 [ 0.12680639 -0.83285835  0.00549195  0.81850778  0.0930897  -0.33419744
  -0.85100932  0.39829336  0.6962371   0.40911203 -0.26268178 -0.81848181
  -0.70924426  0.22182154  0.61951252 -0.06169558 -0.50994005  0.57571492
   0.00952143 -0.62637904 -0.15413426  0.43016346  0.44365021 -0.25315703
   0.73182435]
 [ 0.96088107  0.11534653  0.66930548 -0.21128442  0.19402599  0.08531936
   0.38466601 -0.8527116   0.02314377 -0.81149052 -0.31883746  0.23355065
   0.61775091  0.21730429 -0.93526401 -0.91044331 -0.77960905  0.6374566
   0.64865177  0.39867514  0.92467574  0.45391874  0.60366141  0.40534184
   0.59926099]
 [-0.76989445  0.26884648  0.03353408 -0.27449848  0.75178304  0.30507595
   0.68125779 -0.43786931 -0.41115762  0.29192831 -0.93376162  0.95869988
  -0.56425956 -0.01424212  0.5326621   0.34130126 -0.39177846  0.63374969
  -0.56695925 -0.18154606 -0.46360203  0.79992138  0.8173946   0.16102112
  -0.66516493]
 [ 0.62650132  0.90457344  0.65262407 -0.31051664 -0.09801214 -0.60389803
  -0.41915627 -0.17142262 -0.31375794 -0.35257233  0.98330363  0.49077523
   0.75617925 -0.89059307 -0.95561352 -0.29406394 -0.1768688  -0.44399661
  -0.61898645 -0.58874801  0.83942265 -0.1030653  -0.18639742  0.24229862
  -0.4486717 ]
 [ 0.10622957  0.68563554  0.77468015  0.25132849  0.70435658 -0.3972083
   0.05128267  0.91157861  0.92170364 -0.02765956 -0.04626899  0.79277511
   0.03334985 -0.7785754  -0.09507219 -0.63268455 -0.60235003 -0.49781007
   0.8706485   0.15847119 -0.88476523  0.21872099 -0.34583508 -0.73726825
  -0.85305492]
 [-0.34738362  0.69667905 -0.2976457  -0.6132374   0.51805658  0.81601084
  -0.45869918 -0.24727283 -0.26128065  0.62788317 -0.41300452 -0.62360257
   0.22734441  0.89143762 -0.95784001  0.44251665 -0.22322742 -0.03593625
  -0.88739065  0.52169053  0.20387648  0.06366274 -0.7656341  -0.38571698
   0.09964296]
 [ 0.93011975  0.55760615  0.78006408 -0.47939134 -0.2335535   0.82793339
   0.85005331 -0.83426995 -0.34333179  0.80226628 -0.52368561  0.09558995
   0.66631965 -0.24035406 -0.40569849  0.42048276  0.48592259  0.98287861
  -0.44410665  0.07188129  0.51669624  0.89512141 -0.22767354 -0.83622105
   0.63840943]
 [ 0.71066728  0.50010218 -0.26470548 -0.90563051 -0.41493933 -0.80341887
   0.19124627  0.31297804 -0.72459148 -0.9718343   0.96135447 -0.59573998
   0.73346726  0.30947436  0.45100623  0.45075672 -0.23521653  0.30790133
  -0.67019524 -0.61404643  0.42957126 -0.71997998  0.54653201 -0.6091958
  -0.21075442]
 [ 0.31508285 -0.77238335 -0.54206072  0.59223045 -0.41834929  0.81745891
   0.64027614  0.78689103  0.65487827 -0.34754019 -0.70824741 -0.89961726
   0.84320213  0.47714884  0.82137366 -0.08898467  0.71410402  0.05118962
   0.67051202  0.33653084 -0.0406225   0.29787414 -0.5552078  -0.80946842
  -0.27978551]]