100 25 9
[[ 0.67432376  0.08800464 -0.78707349 ..., -0.81941144 -0.45751842
  -0.82196408]
 [-0.66942366 -0.26765393 -0.18985731 ..., -0.05933408  0.91805961
   0.90717149]
 [-0.96171292  0.8606945   0.00473315 ..., -0.41481466  0.99004914
   0.9618137 ]
 ..., 
 [-0.64655138  0.51970223 -0.54239353 ..., -0.34847055  0.43341538
   0.49700129]
 [ 0.62903681 -0.7546675  -0.3532086  ...,  0.06988014 -0.5425625
   0.21666959]
 [ 0.38264868 -0.38793037 -0.51410282 ...,  0.8694017  -0.83903942
  -0.93655655]]
[[ 0.74447751  0.13513641 -0.14436971 -0.50434988  0.93083336  0.03411071
   0.83734939  0.99045427 -0.6688234  -0.8497599  -0.18613336  0.30285623
  -0.30172009  0.14554269  0.68815474 -0.27887275  0.19700867  0.62042539
  -0.73879956 -0.12238496  0.06600463 -0.54933046 -0.54644263  0.54093212
  -0.18558807]
 [ 0.58980695  0.1377875  -0.76597889 -0.11091608  0.56587111 -0.94674788
  -0.16223007 -0.78663516  0.35401329  0.02416063 -0.35614163  0.79304232
   0.3224015   0.0470449  -0.08948407  0.25898744 -0.46154294  0.61632616
   0.4829682   0.29536842  0.56705302  0.02649911 -0.88395473  0.18749268
  -0.92606807]
 [-0.5804769  -0.37805129  0.85539633  0.75946611 -0.37606364 -0.25579916
   0.57887599  0.65854857 -0.71964114  0.77686516 -0.64943941 -0.96738366
   0.08446821 -0.93150571  0.96120347  0.04437122 -0.79477827 -0.72817119
  -0.80765021  0.85442856 -0.56178464  0.01862233 -0.46590547 -0.1674576
  -0.38493752]
 [ 0.54083509 -0.42942159 -0.29534223 -0.63400285  0.59324174  0.70811753
  -0.7507531   0.25768435  0.22313268 -0.34955242 -0.82609434 -0.85657024
   0.02195126  0.56897004  0.59479014  0.47655762 -0.43180193 -0.08712412
   0.84371276  0.78143772 -0.70944389  0.38655476  0.30914216 -0.57227085
   0.76346472]
 [ 0.73302061  0.4522436   0.99050336 -0.97263869 -0.73076691 -0.94884425
  -0.73218543 -0.784647   -0.48574892 -0.64816961 -0.08930171 -0.69012157
  -0.01986046  0.72455181 -0.29545213  0.0997543   0.04922036 -0.6348178
   0.7380611   0.30196802  0.64853475 -0.86455858  0.75234319 -0.58537755
   0.38518652]
 [ 0.86674613 -0.9230245  -0.57847153  0.41150848 -0.80062965 -0.06786005
   0.12387055  0.94445478 -0.0517173  -1.01599586  0.03370455  0.71940623
   0.78379884  0.63483752 -0.42099874 -0.78670704 -0.73714446  0.26215541
   0.45745337  0.79270362  0.62170957 -0.00330771  0.25191363  0.81168479
  -0.09175717]
 [-0.84132213 -0.40386418 -0.42537037  0.39469318 -0.40503469  0.64262594
   0.78831315 -0.58770934 -0.85112855 -0.62372559 -0.15473194 -0.29549349
  -0.39738153 -0.11397154 -0.63767256  0.0946987   0.79764136  0.71403461
   0.92687458  0.40723212 -0.56055765 -0.18890637  0.51971983  0.99602373
   0.49887309]
 [ 0.08765117  1.01322896 -0.30911668  0.14385774  0.36448502 -0.5047886
  -0.73780496  0.27453465 -0.01866587 -0.41019074 -0.88192848 -0.88098072
  -0.95997922 -1.06642452  0.48180476  1.00819486  0.45486509  0.48909293
  -0.30026679 -0.36805561  0.96700467 -0.19468063 -0.35305001  0.24109263
  -0.04051105]
 [-0.18428021 -0.20952277  0.77417904 -0.80445535 -0.38582119  0.02362008
   0.89894515 -0.31779832 -0.83798442  0.97134387 -0.60816462 -0.38734968
   0.9251266   0.7989536  -0.84831841 -0.11707576 -0.40378038 -0.88121427
   0.08848814  0.90947836  0.84893427 -0.90648852 -0.97857075  0.25374443
   0.21643138]]