100 25 9
[[ 0.89307974 -0.93408643  0.27265383 ..., -0.7925     -0.48867708
   0.10530593]
 [-0.66329468 -0.79299569 -0.41254835 ..., -0.08136244 -0.56688759
  -0.44423649]
 [ 0.39763525 -0.92253902 -0.68633183 ..., -0.47745172 -0.57980683
   0.98020257]
 ..., 
 [ 0.77203499  0.49535881 -0.54313437 ...,  0.75247284  0.09538979
   0.02590688]
 [ 0.86306934  0.22632832 -0.46545902 ...,  0.09059435  0.47319763
   0.98117993]
 [ 0.95783699  0.37713279  0.59995194 ..., -0.84739519 -0.43143961
  -0.29744117]]
[[ 0.74681044  0.26040997  0.7795131  -0.73720985  0.27621345  0.95694827
   0.52242197  0.8039717  -0.65737583 -0.61019985 -0.18582801  0.26921373
  -0.26575985 -0.39472807  0.8862672  -0.08489777  0.67866691 -0.11476768
  -0.74927028  0.38261938  0.99250464  0.03528016 -0.53702244 -0.34389019
  -0.68888362]
 [ 0.58899533  0.18859518 -0.78187208 -0.55909271  0.43314093 -0.90809354
  -0.14780833 -0.81394283 -0.75606152 -0.55866491 -0.43271286  0.77859644
   0.54308464  0.08113122 -0.83911673  0.23748581 -0.44292792  0.04100774
   0.35753122 -0.47313235 -0.6256154   0.65509912  0.71667192  0.19604413
  -0.94871058]
 [-0.59189789 -0.95024073  0.8545326   0.54179516  0.8672409  -0.23961842
  -0.25999329 -0.18892289 -0.82707726  0.9556917  -0.43703209 -0.98918659
  -0.68691932 -0.25843988 -0.72235494  0.70394143 -0.7432003  -0.15238177
  -0.80938608 -0.20536271  0.26015107 -0.28126833 -0.34807038  0.43914325
  -0.37907398]
 [ 0.54140701 -0.3254079  -0.28624172 -0.65345371  0.52007453 -0.2246021
  -0.79647904  0.23849069  0.22792617 -0.32879695 -0.80131796 -0.86138637
   0.82548716  0.06787633  0.59678553  0.78480946  0.89104479 -0.18046009
   0.84803052  0.84164934 -0.51121654 -0.72785771  0.66736589  0.30211463
  -0.73969085]
 [ 0.23542386  0.40023764 -0.64175977 -0.51855155 -0.73251961 -0.91614537
  -0.74407429 -0.77843005 -0.51278697 -0.93238208 -0.10260615 -0.69569787
  -0.02371513  0.05201941 -0.15187316  0.07989576 -0.16527584 -0.25131307
  -0.29612926  0.28926286  0.62854668 -0.04212986 -0.20882836 -0.74393884
  -0.63584542]
 [-0.30734416 -0.73015736 -0.56960304  0.74065846  0.22042545 -0.52478442
   0.22813173  0.9719373   0.05874628 -1.00769378 -0.48591789  0.96426829
   0.76538071 -0.74227616  0.41837529 -0.7645075   0.66910364 -0.5343308
  -0.99784343 -0.61028468  0.64298411  0.06454044  0.20598289 -0.50113591
  -0.08065192]
 [-0.84660312  0.54711905 -0.38904961 -0.22329559 -0.40519876  0.05768579
   0.79627882 -0.61561899 -0.16127224 -0.58525096 -0.67669823  0.30030445
  -0.89951921 -0.40828024 -0.64756122 -0.02869138 -0.57691186 -0.97692737
   0.83521649 -0.81333273  0.63046632  0.27400481  0.52966544 -0.17508496
  -0.95181382]
 [ 0.08208238  0.64048299 -0.3073274   0.02149856  0.28406984 -0.53287449
  -0.23069536  0.27664486  0.04540156  0.31357501  0.03306223 -0.41762651
  -0.87134697 -0.05197151  0.23874835 -0.14911901  0.56897336  0.27862863
  -0.93215243 -0.35660205  0.12886124  0.79559889  0.49820476  0.15073423
   0.71950183]
 [-0.19860834  0.74946902  0.77652719 -0.90681506 -0.15333825  0.01062852
   0.89786483 -0.32553512 -0.15647106  0.55809255 -0.61105787 -0.54926435
   0.95189425  0.35718418 -0.34707492 -0.80711826  0.3364535  -0.86157217
   0.11212309 -0.34830411  0.0021497   0.87533212  0.05220313  0.03426741
   0.18795974]]