100 25 10
[[-0.1912667   0.12681138 -0.24906823 ..., -0.21237012  0.90655588
  -0.56623369]
 [ 0.28606038  0.50479826 -0.65684458 ..., -0.16526499 -0.81300892
  -0.77803603]
 [ 0.89480483  0.82937422  0.81947199 ..., -0.31334288  0.54187446
   0.46490754]
 ..., 
 [ 0.78017999 -0.54255531  0.92818933 ...,  0.9203689   0.42003847
   0.02640182]
 [-0.92104968  0.16423281  0.81136646 ..., -0.88429775  0.14078676
   0.29721532]
 [ 0.13793405  0.1162861  -0.45777907 ..., -0.14633193 -0.26471818
  -0.02228098]]
[[ 0.62229556 -0.49864836  0.64596819 -0.58307691 -0.39763656 -0.2115536
   0.79328065  0.55267203  0.53685988 -0.26119383 -0.06324406 -0.82772784
  -0.35421215  0.85320193 -0.00294562  0.11933769  0.0535037  -0.85137444
   0.86828171  0.46273907  0.72482372 -0.73038605 -0.27851104 -0.50387572
   0.6259692 ]
 [-0.65878311 -0.38203642 -0.31453826  0.56888643 -0.29264431  0.16656038
   0.08016964 -0.62524886 -0.79313022  0.76516467  0.5137496   0.28412595
  -0.65997707 -0.46329798 -0.87168912  0.01341213  0.31554412  0.11569401
   0.37861348  0.27672518 -0.86404321 -0.70195276 -0.91368831 -0.67659768
   0.02695552]
 [-0.01828444 -0.73244104 -0.09607841  0.30435699 -0.84444916  0.09394382
  -0.85300876  0.58220296 -0.43258438 -0.09722204 -0.66598809  0.07296136
   0.48145083 -0.78971063 -0.67487101  0.658869    0.42074646 -0.16219123
  -0.59862796  0.97637518 -0.19147856  0.78401824 -0.21668162  0.7922871
  -0.3051669 ]
 [ 0.56541386  0.85505205 -0.94772458  0.59147286  0.07000455  0.4642073
  -0.13132978 -0.33888503  0.64537586 -0.56216103  0.09306074  0.70079763
  -0.18836494  0.78345923 -0.32962792  0.15090886 -0.25416209 -0.34554887
   0.13201608 -0.62940275 -0.02602796  0.8771387  -0.58466506  0.30522292
  -0.82404642]
 [-0.45765976 -0.44206098  0.44647739 -0.68485874  0.0889393  -0.85655885
  -0.54749105  0.21678597  0.72256354 -0.58950018  0.4282983   0.1131582
  -0.75893188 -0.2296174  -0.1119721  -0.92669436  0.0918853   0.09979848
   0.01629844  0.87088537 -0.84253375  0.22113146  0.21042167 -0.6348741
   0.7834212 ]
 [ 0.14845695 -0.25574017  0.00213786  0.46988455 -0.66341103 -0.25669252
  -0.34887029 -0.88303892  0.84206141 -0.10733759  0.86457215  0.01177645
  -0.15602525  0.54018578  0.88551653 -0.94612935 -0.44919904  0.20496498
  -0.55522314  0.85169213  0.5077113  -0.73245354 -0.33827151 -0.5462412
  -0.29703506]
 [ 0.68586479 -0.34736785 -1.02360022 -1.00636846  0.66014735 -0.06996176
   0.38254996 -0.57937921  0.98105971  0.39719171  0.1022085  -0.58029049
  -0.27744903  0.73510627  0.24273546  0.65336153 -0.66450797  0.39014582
   0.55492522 -0.49700788  0.4956151   0.58985098  0.26485561  0.06417964
  -0.51999255]
 [ 0.14786581 -0.70129708 -0.84001652 -0.762918   -0.2369945   0.15032783
  -0.3984843   0.48053147 -0.12272313  0.15908287 -0.40905625  0.59182066
  -0.76947493  0.52081715 -0.96628334 -0.27276463  0.33312201 -0.0936423
   0.88349587  0.04615727  0.93851143 -0.97773899 -0.07805979  0.7961969
   0.86728149]
 [-0.48576242 -0.07581899 -0.27824569 -0.22720886 -0.29602818  0.11597513
   0.54100139 -0.78542047 -0.08261854 -0.32813221 -0.99459521 -0.20349731
  -0.00838253 -0.89848774  0.73442875  0.6648243  -0.92832244  0.63102806
  -0.90804925 -0.59576518  0.25628761 -0.32382413  0.06749658 -0.57647353
  -0.30110575]
 [ 0.91770551  0.95686914  0.11645829 -0.81974564 -0.61133227  0.60305315
  -0.82566368  0.66737632  1.00704881 -0.66498346 -0.38016245 -0.60168454
  -0.9535974   0.16384526 -0.86081055 -0.438919   -0.30056086 -0.30682032
   0.85977623 -0.36168971  0.96495152 -0.53451456  0.01704995 -0.35897853
  -0.91017504]]