100 25 10
[[ 0.07103098  0.80137967  0.34781596 ...,  0.28988088 -0.77201935
  -0.08562475]
 [-0.17540421 -0.36890844 -0.63515289 ..., -0.29065409  0.95706365
  -1.01018302]
 [-0.72154887  0.54732903 -0.09382979 ..., -0.75122001  0.98872402
   0.57252269]
 ..., 
 [-0.4643044   0.22520163 -0.25970572 ..., -0.94390181  0.62139079
   0.79387261]
 [-0.68914777 -0.10145416  0.97217455 ...,  0.04292319 -0.89030929
   0.29184082]
 [-0.01054631 -0.96831718  0.55788028 ..., -0.08506644 -0.08183546
  -0.75107368]]
[[ 0.32590354  0.62293612 -0.01836339  0.38740451 -0.99122401  0.55227515
   0.27956454 -0.53864061  0.18002741 -0.6441527  -0.33458517 -0.27721874
   0.37424667 -0.95238479 -0.32872062 -0.50061055  0.98303985  0.44375385
   0.34979866 -0.29610116 -0.2103161   0.62288228 -0.93995162  0.45965706
  -0.92909882]
 [ 0.10626945  0.16571008  0.39508354  0.05429553 -0.26216288  0.64932922
  -0.28594819 -0.06115179  0.50989742  0.11188292 -0.36294727  0.7562576
  -0.90624919  0.77376583  0.60532629 -0.14114991 -0.90672304  0.33070604
  -0.02237349  0.81834681  0.85369223  0.92334052 -0.66924766 -0.75239889
   0.68930506]
 [ 0.50769454 -0.53253179 -0.00382975 -0.08327094  0.21919282 -0.78651932
   0.83754425 -0.88523997 -0.12612057 -0.79348809 -0.31880986  0.19648219
   0.06988276  0.1589738   0.93238697  0.9289007   0.42101645 -0.07722929
  -0.62557321 -0.7591348  -0.59531251  0.88393232 -0.61429541 -0.62506639
   0.16793704]
 [ 0.63509454 -0.80615144  0.03663307  0.90808559  0.13815487  0.94544648
  -0.21572048  0.31979661  0.61715035  0.91156522  0.46546293  0.7300614
   0.22956945 -0.3885244  -0.94858217 -1.00403117 -0.0635299  -0.01042731
  -0.48739756 -0.21495312  0.23613302 -0.46160211  0.10965317  0.67545942
   0.76600562]
 [ 0.58848173 -0.07742882  0.09622283 -0.15964761 -0.31775565  0.43765833
  -0.43169598 -0.53860807 -0.02393974 -0.60706809 -0.81573831 -0.13987259
  -0.82938241  0.73967173  0.62143144  1.00500282 -0.58482501 -0.65144615
  -0.63477718  0.13550631 -0.89552907 -0.62281824  0.59706376 -0.15388472
   0.44819133]
 [ 0.6379172  -0.74608293  0.89036107  0.64270592  0.22103024  0.03146808
  -0.22037084 -0.886823    0.03918314 -0.34939477  0.91102064 -0.82678613
   0.72964727  0.67767673 -0.06715002 -0.98692887 -0.62087967 -0.50929016
  -0.34008901 -0.10044817 -0.93592854  0.13677234  0.18471425 -0.32016132
   0.12330394]
 [ 0.73223567  0.84141988  0.4693253  -0.14401969 -0.66806879  0.68422084
   0.2269646   0.52259717  0.51923283 -0.53498109 -0.84806583  0.92157405
  -0.91784689  0.9690747   0.94921314  0.61012172  0.09577378 -0.59669882
  -0.87700867 -0.21403546  0.19369901  0.13657696 -0.73055754  0.76938302
   0.52557515]
 [ 0.99306788  0.59501045 -0.69776972  0.6822887  -0.28644227  0.85436285
   0.37822347 -0.35070763 -0.13442433  0.35797491  0.77290802 -0.18305221
  -0.97389897  0.17270237 -0.35663184 -0.57711378 -0.63232968  0.1925735
  -0.44392049 -0.85056694  0.76330867 -0.40448739  0.73986446 -0.71963478
  -0.96262162]
 [ 0.0715745   0.82702346 -0.7383264   0.16865499 -0.73692043 -0.70819674
  -0.69515233  0.87744171 -0.7033279   0.41912773  0.52780947 -0.15130175
   0.71573911  0.02995709 -0.31138774 -0.80554253  0.6003306   1.0336629
   0.5011853   0.84819648  0.38819802  0.56863764  0.50972829 -0.57607342
  -0.08902954]
 [-0.82281384 -0.83136722  0.44582873 -0.37742135  0.26315109 -0.36129773
   0.37550644  0.58683065  0.54826945  0.69053894 -0.69029409  0.26027658
  -0.31693447 -0.8698344  -0.41654924  0.56870801  0.66907037  0.01641523
   0.6772252  -0.23466834 -0.26867546  0.77344199 -0.19279664  0.68080994
   0.57335878]]