100 25 9
[[ 0.22050465  0.78004023  0.08580029 ..., -0.75937839  0.81236873
  -0.1093244 ]
 [-0.19068516 -0.40109945  0.43481397 ..., -0.23075063 -0.428745
   0.77474421]
 [ 0.63253018  0.21492368 -0.61624212 ..., -0.74368001 -0.95129581
  -0.70848915]
 ..., 
 [-0.85785259 -0.07307339 -0.19066975 ..., -0.1503806   0.90934327
   0.71442084]
 [ 0.0016612   0.58911681  0.40203824 ..., -0.45861718  0.34791944
   0.53490776]
 [ 0.38349137 -0.8083401  -0.61847563 ...,  0.19707725 -0.64055111
   0.96169108]]
[[ 0.12137669  0.71904618 -0.16893271 -0.16307256 -0.4037695   0.89120806
  -0.44828074 -0.00697275  0.07126245 -0.96208601 -0.98470434 -0.36018219
   0.77349879  0.58016646 -0.94628683 -0.36801771 -0.75873762 -0.98476219
   0.49388328  0.70705457 -0.66130893 -0.67950568 -0.65831503  0.5672463
  -0.82237934]
 [-0.29604467  0.09068999 -0.65627211 -0.18545891  0.30339082 -0.21572563
   0.44042413  0.89530496 -0.94174677 -0.52637383  0.33390639 -0.93227622
  -0.25745774 -0.75093559 -0.22970108 -0.38204541  0.52728954 -0.71682207
   0.13157033 -0.08964562 -0.3124388  -0.29091362 -0.85885099  0.92736663
  -0.28039486]
 [-0.0174324   0.69337682 -0.54377768 -0.30411258  0.16498207 -0.3014353
  -0.54964226 -0.47018391 -0.69937957 -0.54596591  0.4657177   0.25996051
  -0.04780154 -0.46474958  0.58879867  0.13702134 -0.33913518 -0.0138457
  -0.77052671 -0.17672242  0.39721788 -0.91064188 -0.13336226  0.27990568
   0.24590003]
 [ 0.27611789 -0.18927862  0.74771007  0.26377374  0.73653115  0.64586478
   0.92223493  0.06053798 -0.38880996 -0.62187137  0.77089348 -0.18161071
  -0.22763396  0.68521488 -0.47280268 -0.3726563   0.59330331  0.13960317
   0.64662103  0.71455869  0.49680778  0.92299837  0.37670464 -0.29980553
  -0.80593835]
 [ 0.2321988   0.899877   -0.0020412   0.62000338 -0.34724617 -0.94981404
   0.5663208   0.88813449 -0.46296575 -0.84350949 -0.63337753 -0.45275251
   0.50844784 -0.77635639  0.97146838 -0.50456984  0.02468497  0.46568885
  -0.105463   -0.52464287 -0.19132538 -0.23457153  0.61010483  0.90917782
   0.93893206]
 [ 0.90898162  0.71297451 -0.58740301  0.7156819   0.36199294 -0.07440585
   0.91969738  0.23733056 -0.84346586  0.85158345  0.76521661 -0.31890426
   0.53232199 -0.77024349 -0.38167308  0.66199193 -0.35133293  0.22664343
   0.45431287 -0.45272631  0.39460125  0.20101065  0.79966604  0.02022453
  -0.42331652]
 [-0.88177212  0.6650002   0.18096964 -0.7252023   0.90588494 -0.80429141
  -0.59701371  0.03797666  0.53513578  0.73646982 -0.80010434 -0.8156436
   0.42276977 -0.22653685 -0.67410898  0.83973891  0.97185089 -0.85451097
  -0.68391059  0.30431418 -0.46056017  0.69283945 -0.52247015 -0.61809417
   0.1486206 ]
 [-0.22354386  0.72156335 -0.99374638  0.50685052  0.84093877  0.94557948
   0.17711708  0.55651534 -0.61358273 -0.5168828  -0.71407064 -0.17808949
  -0.76868293  0.52004878 -0.3422969   0.49280491  0.7936319  -0.73006811
  -0.10615484  0.68294118  0.29898584  0.05865641 -0.18079439  0.76083151
  -0.13448912]
 [ 0.89438833 -0.42168275  0.09148781 -0.13467878  0.56505003  0.31564538
  -0.29846284  0.80951557 -0.54575485  0.58949996  0.50614436 -0.52851867
   0.89598929 -0.6681556   0.88521508 -0.78650115 -0.23593418  0.44556046
  -0.48652175 -0.71316127 -0.66235076 -0.84375825 -0.50362469 -0.74196957
   0.89508382]]