100 25 10
[[-0.68462951 -0.48593408 -0.37165663 ..., -0.11392899 -0.82374466
  -0.06080137]
 [-0.72597492  0.25397098  0.47448124 ..., -0.33491114 -0.85270418
   0.74059777]
 [ 0.84997446  0.02811333  0.81808723 ..., -0.8273491   0.23128988
   0.54224901]
 ..., 
 [ 0.58731682  0.90069954 -0.40680947 ..., -0.63030698  0.90614563
   0.14098323]
 [ 0.94565005 -0.40232059  0.43011019 ..., -0.07659752  0.23659929
  -0.88711079]
 [-0.93238663  0.30475667  0.85879277 ..., -0.52835692 -0.00958233
  -0.08442651]]
[[-0.69666615  0.32900226  0.45099929  0.18358037 -0.96771827  0.67214128
   0.45580878 -0.17408997  0.01543821  0.22589267  0.68429429 -0.18515979
  -0.76982567  0.51677512  0.64972427  0.83914812 -0.06150503 -0.10768978
   0.90927044 -0.82543863 -0.43706012 -0.23682481 -0.1570151   0.88186573
  -0.35629754]
 [ 0.67632583 -0.40941801  0.3774132   0.72441528 -0.09704179  0.94511741
   0.10280782 -0.51365395 -0.02448667 -0.93050427 -0.48539957  1.01577318
   0.19386689  0.20587482  0.15947439 -0.13124194  0.22205643 -0.78971823
  -0.83186865 -0.4802301   0.71928324  0.40560721 -0.05262092  0.39905804
   0.36644591]
 [ 0.80627079 -0.8899775  -0.90081711 -0.17412741  0.59233573  0.72733293
  -0.93561906  0.61008808 -0.62147279 -0.84174984  0.8066738  -0.8533842
  -0.70581611  0.78455945  0.2750069  -0.73590877 -0.9452144  -0.66643193
  -0.37661444  0.97868279 -0.05054831 -0.62243532  0.92333852  0.18526303
   0.81451415]
 [ 0.13012083 -0.51893398  0.85515515  0.92186181  0.11337573  0.98036424
   0.55379515 -0.00983572  0.01752433 -0.47182117  0.72739061 -0.33389261
   0.22686234 -0.93635267  0.55068489 -0.67088543 -0.5485057  -0.63799164
  -0.44882647  0.84939559  0.33807783 -0.75520949  0.63375411 -0.08106715
   0.57955324]
 [ 0.59756701  0.79934646  0.21609257  0.87968605 -0.66682725  0.98408923
   0.24976631  0.89281133 -0.98125418  0.42818586 -0.57432027  0.58120076
   0.23954788  0.9184101  -0.31862064 -0.09380727  0.69619955  0.25653856
   0.88289656 -0.081458   -0.31488045 -0.77295457 -0.10982477  0.14752178
  -0.34574334]
 [ 0.13317761  0.63168764 -0.80810742 -0.14813691 -0.7781466   0.59429894
  -0.62497098 -0.63880639  0.70510152 -0.59145468  0.0723756   0.79156465
   0.91264784 -0.87580285 -0.33329235  0.12025491 -0.47919981  0.74327069
  -0.63970088 -0.3430451   0.31976584 -0.77680239 -0.55921275 -0.91203375
  -0.1525099 ]
 [ 0.91775814 -0.97062981 -0.39796186 -0.81884395 -0.46826733  0.5550386
  -0.15122188 -0.6141253  -0.03101787 -0.46776489 -0.91870816 -0.55205149
   0.45976473  0.70796486 -0.04028624 -0.55982947 -0.40369453  0.06315494
  -0.48317682  0.56226661  0.52767803  0.43498122  0.1077005   0.94091959
   0.68074594]
 [ 0.9143288   0.31057853 -0.06068853  0.33684876 -0.42477596  0.49434582
  -0.25222521 -0.87749918  0.65257875 -0.6353151   0.09656849 -0.75412279
  -0.53098365  0.40221557 -0.24173237 -0.78103879 -0.70683449  0.22301474
  -0.80027465 -0.00759258 -0.03841411 -0.40452908 -0.03666736 -0.57350419
  -0.40860779]
 [-0.54493845 -0.87342439  0.03749663  0.92741165 -0.76541708 -0.96185804
  -0.17558886  0.56858801  0.29692325  0.41227577 -0.32844031 -0.64573725
   0.07479653 -0.90123718  0.10928633  0.61930976 -0.00786084 -0.64093568
  -0.10026892  0.04016875  0.58645387 -0.63368517 -0.8012836  -0.72250217
   0.44292248]
 [ 0.46377006 -0.59918903  0.09863762 -0.51217438 -0.35919079  0.47027823
  -0.73541633  0.17307906 -0.58914435 -0.83740749  0.84823485 -0.7027017
  -0.39924173  0.70895346 -0.81889202 -0.85123244  0.64343342  0.70424349
  -0.22740119  0.49085733 -0.56028146 -0.78441296 -0.63018541  0.52017206
  -0.55134354]]