100 25 9
[[-0.38576082  0.57817677 -0.21393434 ...,  0.33793711 -0.46762    -0.3581614 ]
 [ 0.24242378  0.55457176  0.24833917 ..., -0.23555287 -0.83336017
   0.56547782]
 [-0.88933451  0.89285619 -0.65643555 ..., -0.36994855 -0.47148156
  -0.7938551 ]
 ..., 
 [ 0.87325082  0.68706282 -0.13801086 ..., -0.32894083 -0.34775808
   0.44056118]
 [ 0.37939782  0.73304393 -0.59673818 ...,  0.64877474  0.19098701
   0.13837716]
 [-0.47622082 -0.3986025  -0.49517946 ..., -0.14271027 -0.88971222
  -0.62822323]]
[[-0.08752872 -0.73904557  0.47092435 -0.50390857 -0.8046082   0.1405308
   0.82324742  0.63933206 -0.73487728  0.60397366  0.82969461 -0.50998853
   0.62794386  0.78168735 -0.91243166  0.83745119  0.91363407 -0.6923191
   0.27332141 -0.68311212 -0.46760306 -0.62636304  0.95020612 -0.79082761
  -0.99382992]
 [-0.16592362  0.77642361 -0.38701467  0.61647528 -0.65603311 -0.95470098
  -0.57581733 -0.28375296 -0.82101113 -0.06862996  0.01320357 -0.57151217
   0.97184532  0.45104716  0.52768172 -0.92310811  0.83409761 -0.73369987
  -0.76968493 -0.02146609 -0.31360896  0.36119509  0.62411373 -0.53439407
  -0.40555113]
 [ 0.66714772 -0.48259153  0.61106214  0.00710751  0.51932419  0.21376811
   0.59279785 -0.69497327 -0.71629703 -0.08095465  0.22730697 -0.57791674
   0.9873404   0.9152627   0.54974682 -0.7380386  -0.74296651  0.67968012
  -0.25690513  0.94142292  0.19047849  0.29085445  0.45525179 -0.81267852
  -0.21535943]
 [ 0.93558059  0.33275452  0.48721332 -0.41004852 -0.09242884  0.1730358
   0.93021723 -0.02320802  0.45134183  0.77772851  0.52224618  0.4314329
  -0.21614995 -0.02924895  0.28909777 -0.89136063  0.34281518 -0.1201855
   0.87210725  0.95798261 -0.25043576 -0.49831942  0.77502958 -0.01607056
  -0.49245383]
 [-0.502558    0.00946636 -0.81892879  0.62487869 -0.45143977  0.42508579
   0.78518307 -0.27587796  0.40325625 -0.67776849  0.93549189  0.0657118
   0.58973954  0.5117149   0.37462974  0.00444726 -0.02477575  0.50192166
   0.88890301  0.89382895 -0.02178797 -0.43243725 -0.96127869  0.63214451
   0.13457454]
 [ 0.65696979 -0.40594581 -0.60372583  0.2327454  -0.32705002  0.22361708
   0.37339724 -0.22546179  1.00272107 -0.63580665  0.48189148 -0.30530201
  -0.82874518  0.37608122 -0.77791832 -0.86560833  0.3202074  -0.34129633
  -0.54720059 -0.35716842  0.66490954  0.48021438  0.66139469  0.8299966
  -0.42238986]
 [ 0.85061042  0.72181584 -0.84909887 -0.40694997 -0.36431017 -0.59743111
   0.92081321 -0.37080894  0.06933934  0.76818284  0.85569966  0.12335869
   0.64090139 -0.34984528 -0.67464803 -0.02511123 -0.60650679  0.169894
  -0.83962594 -0.15731182  0.47483591 -0.66213486 -0.13336711 -0.83566401
   0.20385088]
 [ 0.01613038 -0.35699371 -0.83766227  0.169957    0.21361405  0.93898437
   0.63946162 -0.85116219 -0.14631561 -0.56095676 -0.3556864  -0.57149935
  -0.7153306  -0.66848137  0.84500277  0.77200832 -0.45777621  0.06779723
   0.4472774  -0.92272157  0.13592927  0.04299528  0.03763871 -0.57223256
   0.0331814 ]
 [ 0.77606641 -0.08686564  0.25277646 -0.60885732  0.18805992 -0.7212926
  -0.31717313  0.95541905 -0.13098879 -0.92918465 -0.79010434 -0.53629875
  -0.36418613 -0.7748224   0.39793696  0.60182816 -0.50072522 -0.43511301
  -0.84020294 -0.71080422  0.08936597 -0.22324267 -1.01842997 -0.68135142
  -0.06454656]]