100 25 10
[[ 0.05371881  0.90662426  0.6860644  ...,  0.23256448 -0.37423848
  -0.23410744]
 [-0.77078586  0.59087865 -0.63837481 ...,  0.12676705 -0.22680597
  -0.18213572]
 [-0.16811691  0.6630815   0.09777693 ...,  0.95757485 -0.09475804
  -0.48886176]
 ..., 
 [-0.59071671 -0.44082763  0.73671509 ...,  0.42879528  0.32825367
   0.22155507]
 [ 0.49209915 -0.51482582  0.30702507 ..., -0.19967068 -0.90469182
  -0.04446383]
 [ 0.54574629  0.16478137 -0.00833956 ..., -0.07864501 -0.60623785
  -0.14286356]]
[[ 0.55278197  0.76258612  0.01546699 -0.17737766 -0.12213048  0.61277844
   0.82597888  0.89675501  0.63556376 -0.70031904  0.6611625  -0.092241
  -0.94728128 -0.03565978  0.05434208 -0.7848778  -0.50400566 -0.78768039
   0.81814464  0.11086982  0.17999794  0.9906056   0.6118564  -0.31465748
  -0.10799255]
 [ 0.40116541  0.93289347 -0.68301316  0.51286465  0.03298293  0.52869927
   0.04225825 -0.87927124  0.14218332 -0.68270746  0.24593675 -0.74553932
   0.15316598 -0.77659091 -0.02573683  0.88169465  0.32828747 -0.7104422
   0.39174855 -0.81892437  0.24921243 -0.69067474 -0.02655524 -0.73359266
  -0.11758889]
 [ 0.02547011  0.10061642 -0.84187579  0.38477037  0.71231036  0.00238386
   0.49450343 -0.71382354 -0.97595027  0.68065468  0.42688553 -0.01235545
  -0.52942633  0.87576833 -0.74563584  0.02416173  0.47496914 -0.17198947
   0.56922543  0.27897091 -0.82243504 -0.79815001  0.87718074  0.50237841
   0.6534226 ]
 [ 0.42387244  0.32528034 -0.11288261  0.38797954 -1.00028915  0.36493136
  -0.66103087 -0.85834157  0.42034952 -0.20323544 -0.66114302  0.74867172
  -0.25581276  0.85992261  0.10403571 -0.87839737  0.24837154 -0.55813435
   0.31022576  0.4900931   0.01050432 -0.60902013 -0.20272674 -0.92101021
  -0.24051078]
 [-0.42327502  0.8145727  -0.95569176 -0.3725961   0.9179642  -0.39190109
   0.4613082  -0.45712608 -0.74348289 -0.6557397   0.28305987  0.73576952
  -0.35823414  0.42633666 -0.68188639 -0.47292582 -0.53903786 -0.23924294
  -0.85612825  0.68136079  0.39920899  0.83843029  0.20841378  0.18693915
  -0.01827906]
 [-0.36823429  0.40525659  0.69146455 -0.35359507 -0.59654471 -1.00906145
   0.7037826  -0.87256304 -0.20216352 -0.1231081  -0.94371975 -0.85462229
   0.07641278 -0.33972215 -0.82988082 -0.94656072 -0.58950301  0.23512415
   0.58162085  1.04726562  0.38226115  0.07745046 -0.00952042  0.16016308
   0.02432317]
 [ 0.42573196 -0.80817392 -0.88679845 -0.12417796 -0.38973522  0.22393066
  -0.25192851 -0.4523105  -0.99117785  0.30243941 -0.43347365  0.60835671
   0.06965953 -0.85642208 -0.92514852  0.2052476   0.10973039 -0.66060584
   0.51099746 -0.84911318 -0.2793512  -0.98001005 -0.85084834  0.88782287
  -0.48007675]
 [-0.20706472  0.56184415  0.08712078  0.87377216 -0.32931959 -0.09030795
   0.25347377  0.88095469 -0.65573694 -0.35023334 -0.88933506 -0.10154253
  -0.8089352  -0.33069568 -0.40378615 -0.04664    -0.82406237 -0.78224275
  -0.50244813  0.26639473 -0.4347124  -0.51255942  0.74745092 -0.23694834
  -0.22164168]
 [ 0.34150587 -0.99726802  0.60398997 -0.31986709  0.13141461 -0.1343671
  -0.60065023  0.62242318 -0.95312908  0.57074968 -0.1970811  -0.59835666
  -0.25083451  0.44190303  0.63484145  0.43563055 -0.04626458 -0.21622994
  -0.03199399 -0.97854507 -0.28695733 -0.83650461  0.92165911 -0.79793667
  -0.73928706]
 [ 0.43863692 -0.37540049  0.40284761 -0.63844268 -0.59113124  0.46215507
   0.48286655 -0.10896972 -0.23613877 -0.71995212  0.93775992  0.90040883
  -0.57865427  0.40347358 -0.76459965 -0.64959958  0.37692109  0.47690336
   0.12696065  0.26110751  0.94432884  0.47593667  0.3092297   0.22969867
  -0.49553154]]