100 25 10
[[ 0.70232092  0.26721726 -0.54615504 ..., -0.30260981 -0.89489538
  -0.8237037 ]
 [ 0.43736417  0.45314785 -0.68549688 ...,  0.16017713 -0.71264898
   0.49557947]
 [-0.72510951  0.81522724  0.94361808 ...,  1.00809621 -0.41232702
  -0.06431049]
 ..., 
 [ 0.56367332 -0.94697282  0.88450724 ..., -0.54290572  0.93880443
  -0.26136526]
 [ 0.3883628   0.43382244 -0.50227875 ...,  0.50628593  0.54538474
   0.33459345]
 [ 0.76009     0.31450253  0.56801092 ...,  0.39767271 -0.24942148
  -0.20111999]]
[[ 0.78072627  0.61816308  0.48349502  0.13375839  0.13931758 -0.34476224
   0.06951878 -0.78130559 -0.34499555  0.50472002 -0.44591333  0.95805242
   0.21279497  0.18474338 -0.93194302 -0.39021882 -0.73991052 -0.42008249
  -0.8588264   0.34774578 -0.72256531 -0.92321996 -0.14413983 -0.54828962
  -0.04448864]
 [-0.16992533  0.86531791 -0.39754746  0.57684405 -0.30439369  0.77280624
  -0.82695202 -0.57037002  0.59559434  0.84492709 -0.13494644  0.69709976
  -0.69140075  0.09189351  0.83085504  0.47561139  0.40834824  0.2376207
   0.44919739 -0.98098049 -0.85778022 -0.67468102  0.75724368 -0.32776244
  -0.01203466]
 [ 0.97074756 -0.5480336  -0.79625633 -0.23427662 -0.35976654 -0.32964547
   0.25070744  0.72413462 -0.2452284   0.32700222 -0.61224434 -0.12347776
  -0.76127956 -0.940762    0.65498803  0.10512712  0.60174626 -0.32541842
   0.41815508  0.98790061 -0.35021431  0.70635081 -0.05489263  0.77851678
  -0.2912605 ]
 [-0.44959011  0.91116571 -0.80090584 -0.91671381  0.5785527  -0.07797604
   0.03148261 -0.68662703  0.54958211  0.21057468  0.55559355  0.68557192
   0.75821489  0.12085134 -0.02492866 -0.62846163 -0.22084584  0.17139205
   0.9480674  -0.61703903  0.42228395  0.30856428  0.46101055 -0.19175487
  -0.27740987]
 [ 0.90280824 -0.64197678  0.07935975  0.60052456  0.47280998 -0.07615584
  -0.45816656  0.09819413  0.1301443   0.68002536 -0.8314127   0.2870163
   0.18473488 -0.24942668  0.13199331  0.63238954  0.69268099  0.42568401
  -0.04701496  0.64417417  0.68757044 -0.70623123  0.86003907 -0.36008504
  -0.8237088 ]
 [-0.71543313  0.76040553 -0.66054191  0.21587275  0.75220089  0.63126181
   0.12017449 -0.85116493  0.34924821  0.44749507 -0.46502613 -0.77367303
   0.88287087 -0.0971789   0.35343091  0.0062733   0.76002008  0.94933414
   0.64416733  0.51524201 -0.57834989 -0.79583145 -0.93417629  0.06659879
  -0.34563014]
 [ 0.53425229  0.40862007 -0.47301918  0.30973696  0.80172828 -0.77302769
   0.32971489 -0.45826928  0.77673694  0.4195431   0.28163049 -0.55183016
  -0.24511105  0.78839031  0.705811    0.11085021  0.54832633  0.44907989
   0.49176023  0.74110037 -0.54173882 -0.79272495 -0.85308286  0.07745697
   0.87922188]
 [ 0.9400286  -0.87813741  0.96156961  0.99245159  0.37558132  0.44331157
   0.67518876 -0.37594915 -0.65489716 -0.76724121  0.83590539  0.60734378
  -0.12873398 -0.29848322  0.77406723  0.96605746 -0.68897384 -0.03620453
  -0.64586977  0.27476724  0.09770949  0.2069917  -0.54534556  0.68356489
   0.5365313 ]
 [ 0.30290723  0.11812661 -0.68180284 -0.35464616 -0.86717333 -0.48949414
   0.16542003 -0.32157709 -0.67604808  0.90412433 -0.96312951 -0.13883298
  -0.00478337 -0.44326293  0.22843057 -0.75256778  0.79925135 -0.5032425
  -0.87646759 -0.7218389  -0.08237974  0.48442582 -0.60116253  0.25127415
   0.78284104]
 [ 0.02136314  0.65649135 -0.52408496  0.56603556 -0.56249826 -0.59709091
  -0.85683048 -0.19831001 -0.12751308  0.02077091 -0.94677387  0.77831019
  -0.66044199  0.13759154  0.82619776 -0.41041842  0.94505567  1.00877437
  -0.60487503  0.71797852  0.91321792 -0.56014042  0.07360894 -0.07634764
   0.14495567]]