100 25 10
[[ 0.09284022  0.81530947 -0.36805181 ..., -0.30474558 -0.98182292
  -0.10480573]
 [-0.05063191 -0.36462404  0.14038079 ..., -0.49774421  0.06504178
  -0.27823219]
 [ 0.55892313  0.06124003 -0.07192338 ..., -0.731488    0.05721516
   0.56463963]
 ..., 
 [-0.44020431 -0.57990041  0.64860834 ..., -0.95086459 -0.78475355
  -0.40554088]
 [ 0.45405564  0.6014      0.19933177 ...,  0.02775707 -0.88259464
   0.29406064]
 [ 0.99401185 -0.91622965 -0.43807351 ...,  0.36683285 -0.04605708
  -0.7525662 ]]
[[ 0.33532585  0.80742013  0.00786537  0.69617507 -0.039965   -0.17268805
   0.3124916  -0.53440947  0.20348131 -0.63167503 -0.23158694 -0.26190003
   0.38396968 -0.53456531  0.98065415 -0.72864547  0.97452015 -0.01589787
   0.37399417  0.79453008 -0.06328294 -0.90998399  0.06838593  0.32477354
   0.67651506]
 [ 0.11303274  0.16832782 -0.36984748 -0.83136447 -1.01900482  0.6435731
   0.73804646 -0.04412548  0.29742341  0.40876618  0.84930219  0.77558634
   0.47541641  0.62693027  0.0796043  -0.50991916 -0.91520232  0.40374968
  -0.16039376  0.37904074 -0.80346775  0.18650274  0.7686943  -0.75358563
   0.64603959]
 [ 0.52229884 -0.55398962 -0.02165443 -0.0896383  -0.6455059   0.09907982
   0.82507942 -0.92233059 -0.13213704 -0.82670483 -0.29046238 -0.11281419
   0.0640027   0.14937417  0.93645806  0.92527706  0.40423242 -0.61959776
  -0.16273028  0.38351133  0.9333426   0.21618638  0.53264503  0.65286718
   0.13609677]
 [ 0.88631543  0.40829779  0.06581014  0.91672934  0.84202787  0.91801629
   0.68941756 -0.45060347  0.63385328 -0.55146353  0.32451332  0.72644768
   0.87360605 -0.38437408  0.0462116   0.35643696  0.32721702  0.659265
   0.41769711 -0.81945736  0.2169748  -0.46723934  0.09937858 -0.47713802
   0.78468375]
 [ 0.5916596   0.15604319  0.09524517 -0.18434743  0.31645531 -0.63254239
  -0.03135428 -0.507312   -0.02109397  0.82490946 -0.43136838  0.47213272
   0.12717832  0.71531378  0.59976942 -0.59328306  0.2971817  -0.64398169
   0.63298735 -0.457508    0.79611925 -0.62832452 -0.05437433  0.18955045
  -0.50037288]
 [ 0.62675313  0.58940462  0.10049704  0.28157027 -0.58284372  0.64837308
   0.01384268 -0.8714358  -0.76625269 -0.27145547 -0.06867249  0.73631117
  -0.00499242  0.68771932 -0.85464334 -0.96837398  0.37256429 -0.86373775
  -0.29937102 -0.92577064 -0.26101661  0.17066195  0.14113137 -0.36494378
   0.43941542]
 [ 0.24912295 -0.3711259   0.20821661 -0.12973674 -0.79335644  0.37558516
   0.67965495 -0.20335096  0.54141016 -0.55718502 -0.80687259  0.20457221
  -0.91832122  0.87465652  0.27145869  0.63055383 -0.07824333 -0.86753149
  -0.90870076 -0.22599719  0.17241594 -0.6660487  -0.78678739 -0.92046768
  -0.52505347]
 [ 0.98787077  0.57499621  0.39997389  0.70298234  0.37382912 -0.02976795
   0.37471674 -0.3305941  -0.13893857  0.36787498 -0.10340189 -0.29808286
   0.62349786  0.17137309 -0.31718578 -0.59338368 -0.62558881  0.73981548
   0.53124314 -0.29969061  0.29117348 -0.13629926  0.72370382 -0.72404719
  -0.23294989]
 [ 0.08118714  0.80001679 -0.7436897   0.21649637 -0.77392523 -0.72140934
   0.15705835  0.27781865 -0.95012745  0.43878085  0.35155234 -0.70075467
   0.95367085  0.42356093 -0.00228081 -0.12197784  0.62070135  0.05248886
   0.52448879 -0.18623291  0.37224195 -0.81841804  0.08582439 -0.56428358
  -0.16637466]
 [ 0.83967803 -0.19754304  0.37946283 -0.40391513  0.47818015 -0.33921652
   0.66502325 -0.88287053  0.4616655   0.68062327 -0.99614689 -0.62793593
  -0.31398669 -0.8681894   0.67043945  0.54539059  0.67518592 -0.73487009
   0.65823521 -0.40075963  0.14412578 -0.41459593  0.74781682  0.70981923
   0.58389309]]