100 25 10
[[ 0.15007115 -0.91986129  0.80206836 ...,  0.84680956  0.68044106
  -0.33395961]
 [-0.94561644  0.26606106 -0.59294102 ..., -0.17657551 -0.07643275
   0.50646614]
 [-0.36423691  0.00308212  0.92939688 ..., -0.57104508  0.20686924
   0.80104586]
 ..., 
 [-0.35256545 -0.0131982   0.07229793 ..., -0.08323598  0.48302033
   0.29973373]
 [ 0.42037813  0.46331831  0.72498929 ...,  0.86921757  0.48047977
   0.44045849]
 [ 0.07653623  0.48870532  0.61528186 ...,  0.75635401 -0.66255809
   0.94919599]]
[[ 0.42295351  0.77820022 -0.98532605 -0.30367205  0.10404374  0.55858459
   0.81554158  0.80611142 -0.95123795  0.67115626 -0.28342425  0.75609784
  -0.18982071 -0.56425191  0.96309976  0.81223444 -0.37692205  0.90453185
   0.53596833 -0.54535951 -0.8961988  -0.90221713 -0.5334789   0.57791119
   0.10951246]
 [-0.33862118 -0.96353146  0.00157232  0.12267142 -0.6045153  -0.64720249
   0.17908908 -0.97075198  0.19689023  0.02012418 -0.65582105 -0.68473426
   0.96075501  0.78201435 -0.47176208  0.92502614  0.59156262  0.64006017
   0.05995232  0.43324131 -0.86923586  0.83255342  0.77312824  0.2676805
  -0.12509545]
 [ 0.53640722  0.75597539 -0.20065748  0.2743457  -0.73443627  0.05240851
  -0.60526448 -0.67849666 -0.44586078  0.74163249  0.74326884 -0.95042152
  -0.78282055  0.70275614 -0.87789867 -0.8688317  -0.79277707 -0.26619286
  -0.60116711 -0.18963749  0.76804504  0.72101623 -0.80765388  0.80773413
  -0.94564599]
 [-0.23517592 -0.81336671  0.30067236 -0.56635236 -0.63151076  0.69202757
   0.79089826 -0.95087913 -0.90964621  0.21977441 -0.38068606  0.97557236
  -0.89874987 -0.32010845 -0.0187417  -0.83246965  0.77793175  0.17836501
  -0.92455496 -0.56667017 -0.36179251  0.29459161 -0.07898913  0.28706399
  -0.61647683]
 [ 0.73956975 -0.69437436 -0.88146115 -0.05242788 -0.63072547  0.89438266
  -0.36109681  0.27796117 -0.66287112  0.64057553 -0.23968392 -0.83457669
  -0.43192597  0.26822657  0.13257977 -0.45657462  0.68055126  0.6105559
  -0.13667369  0.72744058  0.99151739  0.05466294  0.83494877 -0.37527367
   0.52134722]
 [ 0.40398788 -0.43233045 -0.06324722  0.24630108 -0.50897143 -0.23441991
   0.06079069 -0.92850461 -0.24671329 -0.07715528 -0.70102233 -0.26669958
   0.02865907 -0.71923474  0.7197147  -0.37042066 -0.30370811  0.48697493
   0.84641679 -0.35306641 -0.86523712 -0.95775886 -0.33312643 -0.00697263
   0.78422714]
 [-0.67891685 -0.42540467  0.4127802  -0.65634496  0.75372018  0.37192339
  -0.60192904 -0.21660207  0.78201304 -0.57978909  0.26191882  0.79472972
  -0.29130581  0.13296644  0.48671557  0.02730689 -0.16206148  0.4464575
  -0.26471113 -0.23975531  0.50775947 -0.96113957  0.81193323  0.36347533
   0.92859966]
 [ 0.92396178 -0.17965998 -0.37125492 -0.45524447  0.70269974  0.28484541
  -0.15231802 -0.01498909  0.31852558  0.14003079 -0.98423017 -0.64540922
  -0.11538749  1.00939924  0.76168741 -0.32210792 -0.5164384  -0.17666689
   0.72636236 -0.61607009 -0.93437398  0.36411447 -0.05135348  0.89446221
   0.556814  ]
 [ 0.35513516  0.59035587 -0.45080593 -0.18329355  0.6972892  -0.24274542
  -0.11638868 -0.23078303  0.32750348  0.84028708 -0.27873155  0.83414476
  -0.38781491  0.32223225 -0.77985708 -0.53615664  0.49692901  0.46573431
  -0.70985499 -0.0682081   0.19837699 -0.51917457  0.22970116  0.72449959
  -0.62684472]
 [ 0.47205021 -0.52895967 -0.43795773 -0.05690925 -0.69544866  0.3453575
   0.04881041 -0.20565793 -0.18131058 -0.47410718 -0.05320531 -0.64157449
  -0.40864878  0.40404352 -0.56750051  0.55154324 -0.94674968 -0.28144441
   0.79490971 -0.54917169  0.11528036 -0.8034513  -0.48447968 -0.11076469
   0.79029489]]