100 25 10
[[-0.35235513  0.99065404  0.21947727 ..., -0.24945436  0.38282685
  -0.8795457 ]
 [ 0.47808617  0.71709692 -0.80080518 ..., -0.89766043 -0.95395332
  -0.4483033 ]
 [ 0.43538365 -0.97957987 -0.67964936 ..., -0.62762069 -0.89026978
  -0.95115689]
 ..., 
 [ 0.97483048  0.80316318 -0.57289683 ...,  0.25016251 -0.35720242
   0.97569395]
 [ 0.4064265   0.36276239  0.88839054 ...,  0.57066277 -0.09434274
  -0.05384565]
 [ 0.72911016 -0.33281369  0.28798732 ..., -0.95630269  0.47067058
  -0.71315301]]
[[-0.92939272  0.74918499 -0.0784258  -0.43958718  0.46621644 -0.75003343
  -0.77628366  0.48600445  0.14338153  1.05870984 -0.42301883  0.60708866
  -0.31430989 -0.87805462 -0.46926478  0.6907591   0.13178397 -0.54780937
  -0.79482905 -0.20560046 -0.16177726  0.01794226  0.96353561 -0.70780869
   0.12593057]
 [ 0.64321059 -0.11184389  0.18112354  0.86037974 -0.35351837  0.44488098
  -0.49995516 -0.15781866 -0.04723239 -0.59968985 -0.94954116 -0.36146993
  -0.47242967 -0.93202212  0.92004076 -0.31341197  0.56367376  0.02038376
   0.52425873  0.83044208  0.92040253  0.87505219 -0.62041403 -0.08035106
  -0.90484866]
 [ 0.23247611 -0.78899144 -0.81688478 -0.96655336 -0.56814785 -0.11161853
  -0.10997784  0.60413095  0.21113433  0.50475712  0.97116048 -0.54388619
  -0.17127008  0.02726352  0.87392356 -0.38546657  0.93998479  0.90457775
  -0.75526328  0.94632552  0.30136265  0.36700109  0.47322271 -0.01597465
   0.21199286]
 [ 0.5458673  -0.39662608  0.78305664 -0.77902554  0.24529673 -0.83481932
   0.308375    0.09769076 -0.41689024  0.22722835 -0.95066386  0.78915629
  -0.85081013  1.0463682  -0.83477896 -0.8045494  -0.92199517 -0.16657046
   0.56166436 -0.26106086  0.18738147  0.63025871 -0.11564236 -0.24215229
   0.94507527]
 [-0.49720427  1.0113752  -0.08102612 -0.08079185  0.11701696 -0.78081572
  -0.19794432  0.31104841 -0.72067726  0.82104067  1.03058778  0.8329881
  -0.8135408  -0.10270675  0.68856776  0.72716511 -0.87351497  0.12789196
  -0.53759559 -0.77320911 -0.58588413 -0.32100071  0.62912556  0.32977228
   0.0881966 ]
 [-0.3265499   0.03471723 -0.19000436  0.50995236 -0.64783217  0.4529917
  -0.82725782 -0.54918591 -0.88386243 -0.37161009  0.77282418 -0.40273928
   0.17200636  0.04214728 -0.16423771  0.76284054 -0.56802675  0.11427433
  -0.69050792 -0.31795687 -0.51470426  0.66670572 -0.13591812 -0.15084155
   0.45227857]
 [ 0.69998616 -0.53738436  0.28005887  0.31002121  0.0347304  -0.15316524
   0.380564   -0.64157026 -0.8121904   0.18337398  0.33495173 -0.62904403
  -0.14371419 -0.98385924 -0.75849821 -0.39485136  0.51666091 -0.14593099
  -0.85631576  0.40130502  0.09059575 -0.55824008  0.98727465  0.34598565
  -0.00395179]
 [-0.02656681 -0.87544315  0.78772921  0.16090363  0.98903192 -0.72572283
   0.60459237  0.82650518  0.77104752  0.54474102  1.00339164 -0.56145313
   0.91597687  0.88369256  0.56309417  0.67394524  0.85147849 -0.14364287
   0.10057237  0.80872076  0.11878868 -0.45562516  0.38486974 -0.50514863
  -0.15729018]
 [-0.01591684  0.89027101 -0.38745387  0.56877029 -0.23641999  0.49181198
  -0.5171713  -0.50147324 -0.01783923  0.29390562 -0.55221662  0.35399153
  -0.16528253 -0.66427283  0.43521204  0.4013196  -0.79455199 -0.45756074
  -0.21905823  0.51109369  0.41821971  0.31539793  0.34773552  0.81425994
   0.46499593]
 [-0.27154288  0.05836923 -0.79188531  0.50341026 -0.16228605  0.00400785
   0.05234758 -0.74056589  0.1695294  -0.09328296 -0.9750487   0.02462068
   0.45674398  0.06708083  0.63186236  0.01906961 -0.12683023 -0.28015733
   0.73366555 -0.00587257  0.3595105   0.33044501  0.11367723 -0.56215669
  -0.08755461]]