100 25 10
[[ 0.42482678  0.90404305  0.0929938  ...,  0.20822113 -0.40793342
   0.48606938]
 [-0.82669451  0.5128788  -0.83407509 ..., -0.16030611 -0.24067866
   0.46685432]
 [-0.20675639 -0.82904156  0.10610013 ...,  0.58976469  0.57484232
  -0.45664669]
 ..., 
 [-0.57265312 -0.29561074  0.4463743  ...,  0.41067383  0.73880524
   0.21690042]
 [ 0.49329829 -0.48543058 -0.7877737  ...,  0.22835062 -0.94396318
  -0.0479869 ]
 [ 0.01750326  0.14707252  0.57490826 ...,  0.60884715 -0.61208854
  -0.33733386]]
[[ 0.58292817  0.14942483  0.39806555  0.49888437 -0.1181321  -0.96788697
   0.38257909  0.92731428  0.4384065   0.90175897  0.39805376 -0.78041961
  -0.40545363 -0.05188026  0.18349075 -0.77121197  0.98843967 -0.75557834
   0.1837577   0.11439296  0.33518717 -0.5635719   0.59050734  0.70228851
  -0.49292795]
 [ 0.13135401 -0.25886873 -0.704031    0.55117571 -0.25490112  0.5583389
   0.01991227 -0.12481628  0.96183662 -0.65632507  0.26376172 -0.77303973
   0.14251477 -0.80696843 -0.05523511  0.90956718  0.26907517  0.94817985
   0.17126023 -0.80197019  0.24497161 -0.92163599 -0.02657302 -0.71864561
  -0.07636762]
 [ 0.65378693 -0.03742507 -0.85883632  0.41064201  0.71082059 -0.80350071
   0.48749773 -0.6918118  -0.97963567  0.66606629  0.89229886 -0.03956683
   0.47327272 -0.22113494 -0.75644863  0.02057711 -0.68660291 -0.36635086
   0.54939452 -0.64872914 -0.8146929  -0.92222969  0.85607629  0.30619135
   0.66335781]
 [ 0.40058202  0.43962233 -0.08502741 -0.99854117  0.55350737 -0.52847702
  -0.6382438   0.79281562  0.40870048  0.52854233 -0.67030955  0.74913638
  -0.90989153  0.54924094  0.11187325 -0.93969137  0.20703196 -0.79333267
   0.30263377  0.48822198  0.06330956 -0.52705144  0.81820099  0.50240824
  -0.2006504 ]
 [-0.39447977  0.81572302 -0.97959606 -0.33329424  0.54154281  0.23710664
   0.39980907 -0.45541575 -0.72519579 -0.63339613  0.93199476  0.04807874
   0.7546296   0.45420035  0.19113951 -0.89171873 -0.61930589  0.12884578
   0.06609335  0.6830868   0.30483077  0.81347442  0.22989065  0.20621107
   0.71902012]
 [ 0.53927498  0.07370265  0.67099273  0.21646548 -0.58601752 -0.80308109
  -0.49615523 -0.89970936 -0.18600399  0.66454016 -0.99460298 -0.6779024
   0.31594606 -0.38326008 -0.2659632  -0.57765369 -0.58337937  0.06747419
   0.59265654  1.00886195  0.40389636  0.06024938 -0.44383818 -0.7084006
  -0.01409208]
 [ 0.4168698  -0.79107758 -0.44598016 -0.15667845  0.64789057  0.25141604
   0.74364353  0.18334274 -0.99414957  0.28457643 -0.41550159  0.60104535
   0.02539343  0.75376955  0.11070331  0.24353503  0.1432165  -0.68300771
   0.50637467  0.32685571  0.21892701 -0.98611651 -0.92619014  0.91801959
   0.79447759]
 [-0.12961268  0.55109879  0.09393346  0.87519085 -0.01575489  0.10452687
   0.64259844  0.86722327 -0.67419148  0.29413513 -0.86576765 -0.12023603
  -0.80522335 -0.33318258  0.45407695 -0.0859908  -0.84609574  0.72973181
  -0.5227315   0.25299648 -0.42257694 -0.5320506   0.73821832  0.29971968
   0.16545062]
 [ 0.33837808 -1.00375677  0.48453785  0.74756193  0.1208835  -0.15083161
  -0.62316969  0.56170296  0.75002213  0.73181548 -0.39833257  0.73026304
  -0.03593719 -0.63634909 -0.27026222  0.49894989 -0.03117398  0.27596969
   0.85011493 -0.9732734  -0.35890764  0.64223028 -0.66389616  0.80374322
  -0.87030615]
 [ 0.69388945 -0.41323454  0.45011893  0.87638624 -0.58296178 -0.6004427
   0.45326941  0.42716382 -0.71573029  0.87270072 -0.75453295  0.86708883
  -0.57355912  0.08835275 -0.01227152 -0.61321205  0.345214   -0.96537773
  -0.0897067   0.21080602 -0.83173944  0.44902571  0.34702388 -0.59411368
  -0.4725225 ]]