100 25 10
[[ 0.70856995  0.15110307  0.46113446 ..., -0.45341574 -0.81469993
  -0.8113581 ]
 [-0.2281284   0.46998471 -0.66676343 ...,  0.13887389 -0.42163317
   0.30206664]
 [-0.73312606  0.67812013 -0.80137753 ..., -0.50422462 -0.16819517
   0.58318306]
 ..., 
 [ 0.59318958  0.55291512  0.84000474 ..., -0.49368416  0.95850111
  -0.03599293]
 [-0.36389456  0.46392297 -0.37129056 ..., -0.66246419  0.55239252
   0.31922591]
 [ 0.69072071 -0.73907011  0.76413298 ..., -0.45440465 -0.23080184
  -0.18447383]]
[[ 0.61315725 -0.95507376  0.47821659  0.15772275  0.19125173 -0.24045067
   0.05658924 -0.63603276 -0.34372605  0.52952319 -0.43437133 -0.95275839
  -0.34217736  0.187723   -0.94469929 -0.79933768  0.45011789 -0.44241066
  -0.43337086  0.3075658  -0.73251832 -0.93604539  0.30258668 -0.54463888
   0.33696653]
 [-0.16006936  0.86776133 -0.4066886  -0.68519354 -0.32098597 -0.55577425
  -0.80899995 -0.56643803  0.58337988  0.91143417 -0.13505109  0.70928154
  -0.68588499  0.08324409  0.85414955 -0.30163821  0.31932692 -0.07024411
   0.44843298 -0.53153682 -0.87307124 -0.9604105   0.72262858  0.8608129
  -0.02417557]
 [ 0.142096   -0.57198905 -0.80441892 -0.2562628  -0.4151777  -0.3124105
   0.0978222   0.67323807 -0.26718183  0.36186792  0.49157952 -0.0870456
  -0.42260379  0.73505508 -0.03159731  0.11079396  0.57004797 -0.30002885
   0.41443823  0.97142812 -0.30705582 -0.6426308  -0.04125894  0.73999615
  -0.17700374]
 [ 0.07833884  0.91961878 -0.87533988 -0.90081832 -0.25932406 -0.09403535
   0.04507785 -0.68668247 -0.90332326 -0.78723109  0.53828501 -0.71999078
   0.72428557  0.32002189 -0.00276078 -0.33721072 -0.20678671 -0.3613003
   0.949999   -0.95081457 -0.99088273  0.35149709  0.47064447 -0.06142725
  -0.27998299]
 [ 0.91036907 -0.76776315  0.08329728  0.59424014  0.46079509 -0.07694161
  -0.00838274  0.08345525  0.15487314 -0.3335067   0.88288637 -0.82278657
   0.5616149  -0.26576654 -0.54178095  0.12123633  0.67386952  0.4251193
  -0.09782228  0.63960013  0.67804497 -0.70480852 -0.15688128 -0.36154345
  -0.79612563]
 [-0.7125962   0.34648518 -0.65023595  0.19976893  0.72179373  0.64950755
   0.12150411 -0.8333564   0.31779714 -0.38937789 -0.49113187  0.44464506
   0.85833917 -0.0777649   0.37025147 -0.00750538  0.76879018  0.96212166
   0.6106338   0.53111012 -0.21616611  0.77375676 -0.9368337   0.10400214
  -0.36261316]
 [ 0.51499341  0.41098896 -0.46241357  0.32950086  0.66559393 -0.13023704
   0.32616395 -0.44171263  0.82045469 -0.39347564 -0.77904601 -0.56211789
  -0.27642879 -0.16403058  0.68150636  0.08256086  0.55166984  0.60645476
  -0.88297834  0.49394326 -0.55127166 -0.78954614 -0.84230194  0.63896235
   0.89025369]
 [ 0.91843612 -0.87829108  0.95047871  0.29184997  0.36000526  0.47837438
   0.97063847 -0.35149841 -0.99627099 -0.76238982  0.91181629  0.32653483
  -0.51576135 -0.24115408  0.77808899 -0.25486126  0.4802678  -0.04447077
  -0.61374629 -0.11967441  0.09793955  0.15082197 -0.5560968   0.65833659
   0.54031032]
 [ 0.28825537 -0.07812294 -0.68277586 -0.35022683 -0.93143366 -0.50207889
   0.17717474 -0.2932714  -0.65179896  0.87301741 -0.99391692  0.6362854
   0.00875582  0.91403985 -0.61328576 -0.74815132 -0.82309946 -0.53288926
   0.92391843 -0.73901048  0.53989133  0.91120096 -0.60065205 -0.18309259
  -0.23610354]
 [ 0.04060318  0.81769153  0.31443464  0.54567106 -0.59662401  0.50831988
  -0.86273159 -0.27955916  0.74411526  0.0011167  -0.93099219 -0.4825939
  -0.65838783  0.13596879  0.81143239 -0.3767179  -0.95683609 -0.7952203
  -0.62155581  0.47470231  0.96276459  0.62168374 -0.59492474 -0.09077388
   0.10358981]]