100 25 10
[[-0.01675716  0.61351001  0.36513289 ...,  0.13207885  0.88906096
  -0.15337031]
 [ 0.48760603  0.38767164 -0.63981981 ..., -0.07555615  0.807002
   0.94188697]
 [ 0.10683628  0.83599888  0.78730141 ..., -0.3104915   0.13570781
   0.45562917]
 ..., 
 [ 0.07374933 -0.55137511  0.92617467 ...,  0.93554388  0.18081385
   0.03840019]
 [ 0.75847849  0.51325892  0.95564492 ...,  0.13206132  0.81806182
   0.60071879]
 [-0.97851668  0.11189153 -0.39079352 ...,  0.22591038  0.03697355
  -0.56797772]]
[[ 0.64311147 -0.38644334 -0.68788136 -0.61548942  0.4683003   0.34207499
   0.81548005  0.76956381  0.5620795   0.32962989  0.43071757  0.84805704
   0.29150422  0.4773497  -0.23593893  0.17649986 -0.46151374 -0.90072311
   0.46196967  0.20891796  0.84381221 -0.76285469 -0.70324522  0.33784055
   0.60691003]
 [-0.29570114  0.9424332   0.83163259 -1.00183183 -0.20885166  0.70488422
  -0.93069097 -0.31755912 -0.08832152  0.96778393  0.53085804  0.41237303
   0.65477347  0.24636795 -0.88734785  0.02200882  0.44570857 -0.36620573
   0.71920945  0.7174108   0.4975066   0.72569683 -0.42925141  0.14218931
   0.56119856]
 [ 0.54492315 -0.73863261  0.49640927 -0.66872322  0.84037572  0.07404161
  -0.59629992 -0.23200394 -0.4482831   0.25285627  0.46755687  0.34325407
   0.08152702  0.03068201 -0.67784452  0.73420902 -0.99523738  0.28930875
  -0.25327518  0.30405046  0.97224553  0.26910799  0.20866211  0.03384909
  -0.29125188]
 [ 0.30545693  0.88675688 -0.94728574 -0.08407141 -0.57855074  0.42021109
  -0.72359078  0.09211355  0.39398888  0.17231851 -0.39674733  0.56245495
   0.34340975 -0.14155287 -0.34071692  0.13794028 -0.25652929 -0.80247306
   0.13724228 -0.62639275 -0.0986689  -0.65955174  0.84534939  0.91862211
  -0.75770047]
 [-0.44824942 -0.06811457 -0.67341046 -0.66663023  0.98751562  0.22246177
  -0.23897652  0.19051512 -0.74310656  0.85382196  0.45855051 -0.64277937
  -0.11817177  0.64875748 -0.8251938  -0.89068208  0.61857263 -0.27419284
   0.74432454 -0.8832723   0.87067558  0.20805222  0.48414999  0.955856
  -0.33437998]
 [-0.00443391  0.31248368  0.52567443 -0.9441792   0.39701056 -0.36047444
  -0.87230805 -0.01370111  0.0898802  -0.99408426 -0.24890296  0.57994191
  -0.50579903 -0.92288419 -0.56270668 -0.94274627 -0.4588678  -0.43883136
  -0.26435772 -0.47677138 -0.52781381  0.93327391  0.30685161 -0.54366152
   0.02775866]
 [-0.84154593  0.69785618 -0.96912148  0.64700379  0.6794411  -0.87321315
   0.39279051 -0.65206871  0.86514391  0.12804699 -0.74939774 -0.57843178
   0.41912206  0.11360525  0.37064305  0.86867443  0.62834009 -0.27491524
   0.55598796 -0.08154288  0.85021694  0.08086532  0.36152707  0.03915965
  -0.63053688]
 [ 0.84990991 -0.65654595  0.89686877 -0.79124169  0.0155532   0.55696949
  -0.18482289 -0.57257439  0.46232563  0.15303985 -0.42487957  0.52752384
   0.89704514  0.52921588 -0.15941399 -0.37018241  0.20401669  0.5574258
   0.68800242 -0.46821365  0.40711973  0.16048321  0.42960652  0.79779327
  -0.34667072]
 [-0.9995119   0.33370809 -0.82224017  0.28572831 -0.31295684  0.76784455
  -0.92572556 -0.81089435 -0.12028178 -0.32100004  0.76253191 -0.12572824
   0.17744257 -0.41295843  0.98113401  0.42916576 -0.56221284  0.66542878
   0.15824861 -0.3322144   0.2590052   0.08830319  0.08685032 -0.49964366
   0.52950044]
 [ 0.48487787  0.71759061 -0.32750111  0.71365544  0.46168586 -0.50476754
   0.22791146  0.14655465 -0.79301896  0.82437684  0.03477876 -0.46432441
   0.72957588  0.69427098 -0.8520479   0.39447303  0.6873553   0.46850907
  -0.59727117 -0.2250621   0.85244012  0.92691419  0.0127889  -0.3664852
   0.1825915 ]]