100 25 9
[[ 0.21528397 -0.93595297 -0.84078139 ...,  0.10665314 -0.31750676
   0.31754619]
 [ 0.63438916  0.91412862 -0.20313591 ..., -0.01336191  0.25813371
   0.80017231]
 [-0.70417259  0.82197892 -0.67672935 ...,  0.3229656  -0.57179495
   0.3154786 ]
 ..., 
 [ 0.30122311  0.63053438  0.72686905 ...,  0.08104197  0.36151118
  -0.70834017]
 [ 0.8264707  -0.49731327  0.29913907 ...,  0.28513948  0.40163983
   0.18804878]
 [ 0.49028107  0.19832199  0.08823646 ...,  0.83727061 -0.83363856
  -0.01571117]]
[[ 0.7534125  -0.03707659  0.8226709  -0.48979712  0.54606992  0.95209527
  -0.57581221 -0.77188346 -0.50190096 -0.62503243 -0.65832089  0.30915017
   0.31160987 -0.4942553  -0.6848704  -0.82674337 -0.792022   -0.90237544
  -0.56185155 -0.90517523  1.00198334 -0.61034174 -0.10542625  0.52643761
   0.10353651]
 [-0.83531728  0.29201336 -0.78632533 -0.16689112 -0.26702522 -0.87683021
  -0.00200847 -0.19047952 -0.02098146 -0.69652406 -0.36428299  0.74593066
   0.70411918 -0.91197465  0.07247107 -0.33178516  0.56592615  0.03311735
  -0.53589661  0.32986171 -0.10799212  0.70748159  0.56599892  0.61543034
  -0.42614613]
 [ 0.54613476 -0.32212982 -0.13429475  0.5564651   0.15216339 -0.90061105
  -0.3821403  -0.57458258 -0.48638059 -0.8548561  -0.20417514 -0.99972235
  -0.47233108 -0.23323697 -0.65189749  0.82595347 -0.11133976 -0.96769607
  -0.76588104  0.60923794  0.27024502 -0.27893785  0.29636086 -0.19672313
  -0.6345438 ]
 [ 1.0155018  -0.54683671  0.63510346 -0.90304837 -0.41242325 -0.21573743
  -0.054161    0.55437837  0.84505502 -0.42308543 -0.8500296  -0.86297263
   0.04475685 -0.45429528 -0.59146548  0.059792    0.84115699 -0.39386617
   0.85190522 -0.86916034  0.38071523 -0.37368753 -0.76140084 -0.56900568
  -0.87385107]
 [ 0.38928889  0.35564537 -0.83774973 -0.22617878 -0.92667074 -0.93908718
   0.56557365 -0.13090222 -0.57666624  0.92283749  0.76441406  0.83122967
   0.69616445 -0.55298593 -0.03317777  0.11199447 -0.00764309 -0.72167469
   0.26710345  0.82411898  0.65892239 -0.8951626   0.22311249  0.25090541
   0.04794935]
 [-0.40065294  0.13108107 -0.13551177  0.44265648 -0.54254062 -0.49898049
  -1.01125371 -0.54204082  0.04814465 -0.8143024   0.86276435 -0.68161537
   0.65497661 -0.79090343 -0.39030592  0.39260189 -0.0435942  -0.1721046
  -0.54055306 -0.48670079  0.97653698  0.21786495  0.21750821  0.17791202
   0.48158107]
 [ 0.88642287 -0.16145231 -0.8869883   0.79569139  0.7247356   0.66401754
   0.77360865 -0.7717658  -0.03530415  0.8149828  -0.00342157 -0.050445
  -0.26330745  0.9921946  -0.37557442  0.68946869 -0.74441297 -0.34895075
   0.93870291  0.79228473  0.19544176  0.29633381 -0.09045419  0.60330561
  -0.30450334]
 [-0.45656376 -0.16082741  0.9717226  -0.85886957 -0.77648431 -0.82708862
   0.6647035  -0.13279318 -0.04305559 -0.12930231  0.51501592 -0.37070857
  -0.72201632 -1.03226981  0.55066854 -0.13753666  0.56936322 -0.20465511
   0.53086081 -0.2794149   0.33074317  0.95232189  0.4946624  -0.01372608
   0.70209863]
 [-0.44577837 -0.16165243  0.76555745  0.01972131  0.30279018  0.10400761
  -0.07228246 -0.95812034 -0.68359734  0.0124414   0.29100458  0.13307809
   0.69783779 -0.79535958 -0.83996653 -0.79800562  1.01945234  0.87101353
  -0.88409386  0.32438369 -0.77394684  0.88536315 -0.94004158  0.55330032
  -0.43703822]]