100 25 9
[[-0.39992391  0.0099947  -0.21077558 ..., -0.24947774 -0.98573754
  -0.58475849]
 [ 0.15122441  0.7871706   0.25533978 ...,  0.94124496  0.2701788
   0.72115561]
 [-0.90364242  0.91130669  0.47097441 ...,  0.07503632 -0.46903851
  -0.65368603]
 ..., 
 [ 0.90566151  0.71811583  0.63435145 ..., -0.07921826 -0.60015832
   0.3264804 ]
 [-0.75654792  0.9032334   0.8558037  ..., -0.82436808 -1.00942891
  -0.11561244]
 [-0.46693648 -0.43297622 -0.55917625 ..., -0.16378432 -0.940845
   0.33041078]]
[[-0.76391201 -0.29723954 -0.21005712 -0.14290492  0.40491893 -0.28740229
  -0.50414665  0.64124879  0.87765813 -0.10122372  0.04125004  0.86409258
  -0.80789091  0.79071338 -0.30897017 -0.67369082 -0.18897329  0.03204124
   0.23664117 -0.55169745  0.12811438 -0.59793229  0.89333801 -0.90408546
   0.70358802]
 [ 0.81033623  0.53004592 -0.86085486  0.61092946 -0.55332608 -0.04507267
   0.50231419 -0.32897008 -0.12359102 -0.13157447 -0.2184331  -0.35273957
  -0.03037146  0.63498379  0.54869777 -1.00032046  0.86778215  0.86534155
  -0.92623147  0.41180854 -0.91179876  0.18254457 -0.02381973 -0.01169796
  -0.46638904]
 [ 0.4387238  -0.04555677 -0.28064196  0.03206705  0.57743655  0.6946245
   1.08963643 -0.67597202 -0.72065131  0.50153705  0.1818917   0.30510298
   0.03863519  0.91769644 -0.24110233 -0.54624715  0.90134097 -0.77053021
   0.84694382 -0.53962335  0.64883963 -0.80279904 -0.25912843  0.18446613
  -0.68538484]
 [ 1.07385426  0.33497133 -0.87751903 -0.03984623 -0.41802199 -0.87945075
   0.45638814 -0.06914106  0.85343254  0.35059886 -0.67571143  0.33917619
  -0.08556768  0.63480225 -0.94027865 -0.15453948  0.89730422 -0.11841963
   0.88771383  0.2822612   0.44399029 -0.49821662  0.4021375  -0.25677483
  -0.40407815]
 [ 0.71861134 -0.47583168  0.80810852 -0.81640595 -0.50189403  0.45606467
   0.85028637  0.33213493  0.39293098  0.30879795  0.9441448   0.95759769
  -0.80854772 -0.01235505  0.72760526 -0.56416512 -0.16234819  0.95548013
   0.20368446 -0.1522368   0.3418187   0.42391529  0.29906626  0.46271928
  -0.52655208]
 [ 0.60536862 -0.09587598 -0.57394129 -0.41086992  0.13572951  0.24043807
  -0.56521505 -0.2219545  -0.73648004  0.44015138 -0.57036779 -0.29426787
  -0.36696224 -0.90711241 -0.7795346  -0.09737939  0.86340787  0.24662009
  -0.50221143  0.59696025  0.07420292 -0.96483179 -0.69130352 -0.66429535
   0.55622344]
 [-0.40656304  0.73243897 -0.83148443 -0.45971725 -0.91510673 -0.56197333
   0.26666554  0.34824368  0.2222166  -0.20770936 -0.76281275 -0.82682128
   0.44544295 -0.43136824  0.2681749  -0.21638473  0.36832951 -0.11846565
  -0.98357234  0.91577925  0.73388295 -0.59034677 -0.09629265 -0.86345565
  -0.39324838]
 [ 0.21159345  0.19421401  0.35174405  0.13033267 -0.16172232  0.92298605
   0.26063914 -0.87992295  0.49077108  0.6000347  -0.08084342 -0.50261872
   0.97878938 -0.65054052  0.80022954  0.77731356 -0.46325274  0.12436064
  -0.62306361  0.94474006 -0.06263091  0.64532042 -0.06625214  0.6814534
  -0.24527215]
 [ 0.04426979  0.57668364  0.39557321 -0.27875609  0.13535022  0.04082573
  -0.31177449  0.95999306 -0.73225354 -0.10249901  0.7837603  -0.51822061
   0.97601446 -0.46808263  0.55925205  0.87385944  0.64290369 -0.27410638
   0.61487124 -0.02120841 -0.22091708  0.69762862  0.84139207  0.70399439
  -0.48249998]]