100 25 9
[[-0.08682706 -0.93271891  0.25865593 ..., -0.80742236 -0.4512409
   0.06278298]
 [ 0.59355704 -0.81348139 -0.19654126 ...,  0.33863339 -0.59633589
   0.39816469]
 [-0.95270203  0.85008926 -0.03355596 ..., -0.78643099 -0.1659086
   0.24491959]
 ..., 
 [ 0.31058999  0.51033962  0.71097781 ...,  0.05125143 -0.93128134
   0.02652519]
 [ 0.97733002  0.05282817 -0.44173439 ...,  0.88827549 -0.54611024
   0.16878693]
 [ 0.96636727 -0.41597464  0.08327805 ...,  0.03681741 -0.43640949
   0.58424262]]
[[ 0.74774285 -0.22488758 -0.35226449  0.44980578  0.30163515  0.95768945
   0.75575813 -0.41981672 -0.64115037 -0.41571605  0.6553482   0.29984842
   0.31888427  0.10365782 -0.70734971 -0.05843291  0.20946121  0.84773531
  -0.71580636  0.32898725  0.99835927  0.34764196 -0.52046364  0.53907881
  -0.16860216]
 [-0.10934991  0.29661498 -0.80225608 -0.14944174  0.59033577 -0.96511036
   0.53228286  0.6178568   0.91588019 -0.53536569 -0.37303741  0.74133347
   0.56167088  0.12209717  0.07120806  0.52564518 -0.3740647   0.00623636
   0.37085335  0.31683599  0.55995697  0.67671702 -0.86699961 -0.358972
  -0.42598657]
 [ 0.26503531 -0.34915794  0.84506826  0.75705012  0.86898009 -0.18271175
  -0.25195441  0.6759829  -0.36052132 -0.96361195 -0.65891705 -0.46841099
  -0.69129541 -0.22666062 -0.75342218  0.75226703 -0.71386862 -0.7495114
  -0.76294051 -0.25626941  0.25809094 -0.30039409 -0.30266507 -0.79672582
  -0.37660056]
 [ 0.09245197  0.34929857 -0.30317143 -0.65230302 -0.39116295  0.09311445
  -0.79453499  0.25328917  0.22895192 -0.56362071 -0.8513422  -0.87092857
   0.8587955  -0.04874196  0.77561753  0.77997158  0.24907545  0.82529699
   0.84736192  0.87295076 -0.70659717 -0.7484702   0.02956342 -0.54041223
  -0.34521695]
 [ 0.2004873   0.39853029 -0.91254453 -0.65030822 -0.60300333 -0.93350506
  -0.6982144   0.46790319  0.02044202 -0.92691616 -0.98891502 -0.68886884
   0.67655046 -0.5569159  -0.9505838  -0.09270457 -0.15292606 -0.21785212
  -0.32142852  0.80902135  0.64309085 -0.03957612 -0.21323936  0.25992136
  -0.88137834]
 [-0.31683379 -0.73112677  0.66064288  0.72708331  0.63421369 -0.46661424
   0.10369087 -0.55152987  0.03856832 -0.83510262  0.06832314 -0.6266228
  -0.08450865  0.63436694  0.39680447 -0.79362643 -0.54842692  0.24934632
  -1.02834653 -0.50764342 -0.74661468 -0.02397203  0.24641362 -0.67552549
  -0.06885949]
 [ 0.91799467 -0.143267   -0.13906779  0.37679563  0.18269896  0.61611555
  -0.20460682 -0.74615938 -0.85048677 -0.04615818  0.00546605  0.30979302
  -0.26779854 -0.01257113 -0.68548963 -0.62762699  0.01612815  0.74754161
   0.94013004 -0.83010998  0.622844    0.28343076  0.54224143 -0.17226162
  -0.95838911]
 [ 0.35953863  0.64026943 -0.3073819   0.22001943  0.30294438  0.0593068
  -0.23032581  0.44825532 -0.01651832  0.35760327  0.05092165 -0.88294862
  -0.43999316 -1.04956817  0.5012167   0.62479025  0.56064773  0.49976384
  -0.10810663 -0.38084717  0.14450933  0.97904202  0.47292326  0.22855166
   0.71238873]
 [-0.20910791 -0.17414589  0.76262982 -0.91265499 -0.40387925  0.0197304
   0.86414767 -0.97633424 -0.85830322  0.01976999  0.724634   -0.90932026
   0.95493964  0.00464951  0.01844919  0.58475314  0.3446814   0.20670457
   0.10648465 -0.39736649 -0.04469823 -0.63080327 -0.99142284  0.23659557
   0.2196452 ]]