100 25 10
[[ 0.16358588 -0.75246034  0.07512233 ..., -0.57886552  0.47958938
   0.12943758]
 [-0.78665599  0.75136044 -0.85673199 ...,  0.52056309  0.52440082
   0.30865261]
 [ 0.40829894 -0.25951037  0.90170112 ..., -0.33352431 -0.86482901
   0.46520702]
 ..., 
 [-0.75421735  0.53267593  0.81108484 ...,  0.90151427  0.75397179
   0.75162338]
 [ 0.31770912 -0.04404185 -0.77106128 ...,  0.50298826 -0.47186003
  -0.06762114]
 [-0.50460361  0.36392392  0.60207166 ..., -0.78413949 -0.6364584
   0.59614713]]
[[-0.10500467  0.11734524  0.98053858  0.85571646  0.10620803 -0.83031048
   0.39816332 -1.02490517  0.05550404 -0.7689658   0.38795831 -0.64088285
  -0.60390711 -0.55025384  0.2174418  -0.44573537 -0.63838265 -0.57501471
   0.79264839  0.78744533  0.37990354  0.71866003  0.40749794  0.02793924
  -0.09540097]
 [ 0.94448922 -0.17761617 -0.47878419 -0.49591676  0.00259372  0.2171795
  -0.90026208  0.58900384  0.99715678 -0.23407903  0.18972921 -0.73362002
   0.01087126 -0.0218415   0.24521837  0.97015108  0.23852124  0.00598447
  -0.1035535  -0.79907399  0.68581529 -0.99887402 -0.02981228  0.40520602
   0.56658223]
 [ 0.6449979  -0.87317006 -0.1782856   0.38544363  0.75777612 -0.99162893
  -0.95992949  0.8334684  -0.13674921  0.67121868  0.68168684 -0.40188602
   0.04773223  0.83529258  0.06558919 -0.13683876 -0.50134533 -0.34939056
  -0.27069604 -0.83973163 -0.57016639 -0.61924903  0.82100453  0.11377762
   0.9551007 ]
 [ 0.21173633  0.60951471 -0.13259791 -0.11670454 -0.08097222  0.92724488
  -0.32681869 -0.62765383  0.88439479 -0.2000513   0.03819313 -0.62093997
  -0.25435326  0.5519739   0.66979787 -0.91881474 -0.80899127 -0.02087539
  -0.24433713 -0.43388341  0.24571504 -0.89581074 -0.56169966  0.51501983
  -0.61344643]
 [ 0.93876504  0.84179664  0.25051209 -0.38774524 -0.67169636  0.42508522
   0.259797   -0.49410898 -0.07765081 -0.01158724 -0.56513864 -0.22141963
   0.14625943 -0.69602439  0.19400944  0.2030998   0.92933791  0.12300974
  -0.15315109  0.59220681  0.2996679  -0.84059629  0.40062201  0.1995795
  -0.80434865]
 [ 0.54765312  0.07261114  0.95632203  0.23092932  0.94464032 -0.81719569
  -0.51778427 -0.92785729 -0.61720761 -0.10638028 -0.94935962 -0.79827749
  -0.00202506 -0.46726916  0.3032944   0.53477397 -0.94983463  0.11083756
   0.58384388  0.27220497  0.44032167 -0.02544766 -0.80581628  0.1183459
  -0.139551  ]
 [ 0.23664475 -0.20730029 -0.52178348 -0.44741011  0.3002004   0.20388919
   0.79784369  0.65270966 -1.04475315 -0.19805179 -0.93926376  0.63744927
   0.13167337 -0.174984    0.50334625 -0.10114871 -0.0433885  -0.25803428
   0.56859706 -0.84985492  0.34508054  0.92015255 -0.63120453  0.66943455
   0.8009903 ]
 [-0.36454261 -0.10874497  0.13474168 -0.86957631 -0.78857473 -0.51963591
  -0.3213739  -0.89647729 -0.71118397  0.41476745  0.12604667  0.68986142
  -0.64797798  0.12410429 -0.71878565 -0.15315356  0.03895346  0.64710869
  -0.49442645 -0.11233953  0.26999649 -0.18017052 -0.36182049 -0.76767333
  -0.86841645]
 [ 0.9119877  -1.00695831 -0.47039522  0.77391428  0.13480365 -0.6639978
  -0.26937609  0.62460271 -0.88317361  0.72406569  0.54541695 -0.64983655
   0.13193999  0.41936969  0.77863043  0.5187803  -0.0513948   0.24348343
   0.91540668  0.63179296  0.50656088 -0.76927415  0.11429174  0.81466341
  -0.87007072]
 [-0.71251718 -0.88924223 -0.48448071  0.66196694  0.43506327 -0.88003496
  -0.64904406  0.45561166 -0.7108077   0.73428025 -0.73736808  0.61567302
  -0.59061126  0.85703251 -0.956398    0.82726719  0.07599485  0.47540049
  -0.06223152  0.41886298 -0.8050259  -0.81935531  0.05469797 -0.89371342
  -0.51414508]]