100 25 10
[[-0.59589709  0.09912145  0.88147838 ..., -0.32071761  0.41186207
  -0.80407354]
 [-0.72328597  0.51493741 -0.62529367 ..., -0.19874264 -0.82408093
   0.32377872]
 [-0.87082083  0.85680688  0.85335713 ..., -0.63248001  0.53004792
  -0.00915278]
 ..., 
 [ 0.04267621 -0.51931622  0.90186395 ...,  0.97603084 -0.72141476
   0.04775684]
 [ 0.37690354 -0.04447229  0.75697075 ..., -0.89480868  0.37979128
  -0.34728844]
 [ 0.70990762  0.12711852  0.56079155 ...,  0.21486086 -0.25153882
  -0.38285024]]
[[ 0.62099872  0.67401587  0.39651056  0.1294439   0.62258908 -0.24402024
  -0.24258042  0.30038757  0.48847634  0.75767719 -0.20920093 -0.05165171
  -0.34607635  0.4267434   0.74216295  0.28535649  0.65014584  0.3949498
   0.48348901  0.46480146 -0.1355256  -0.72432416 -0.70034445  0.82917815
  -0.01838616]
 [ 0.5604476  -0.4154421  -0.33123047  0.60396762 -0.66182677  0.14464868
   0.72256215 -0.61693267  0.23085436  0.56228151  0.50752916  0.83358883
  -0.6332957  -0.44196904 -0.81394367 -0.68833631  0.89159639  0.20690456
   0.39089883  0.11046776 -0.90104374 -0.68001891 -0.93772052 -0.65069918
  -0.87783758]
 [ 0.00515006 -0.5324362   0.49174947 -0.69454094 -0.81113892  0.07178529
   0.11898458  0.22979811  0.96027275 -0.62412212 -0.69604176 -0.20975892
   0.47834331 -0.73473009 -0.62595029  0.73953499  0.78802161  0.63439161
   0.51993263 -0.15524459 -0.17772134  0.76173253 -0.45769041  0.78658372
  -0.30062119]
 [-0.21368773  0.89138786 -0.97044334 -0.87485846  0.08679842 -0.14528607
  -0.58748518  0.01758059  0.60274718  0.19483227 -0.20760739 -0.11421769
  -0.02590943  0.4803399  -0.30391026  0.1862233  -0.18953459  0.34997263
   0.17192541 -0.9491036  -0.76578347 -0.50156301 -0.98008704 -0.13927674
  -0.10916591]
 [-0.09812251 -0.4417948  -0.2682516   0.92972306  0.08046051 -0.03610015
  -0.62231809  0.21024418 -0.3737647   0.37966144  0.45401436 -0.94436207
  -0.02535326 -0.25334983  0.54503771  0.17650021  0.55721409  0.067474
   0.05953934  0.61647644  0.88155055 -0.90803541  0.22285012 -0.8798509
  -0.38621992]
 [ 0.79546294  0.39517223 -0.00983395  0.19221411  0.0249974  -0.28087176
  -0.60325049 -0.89929592  0.84860215  0.24230075  0.87501491  0.171806
   0.87895239 -0.92962701  0.89052693 -0.69683814 -0.44735034  0.67365866
   0.69936544  0.30020482  0.27922345 -0.69504292 -0.27091193 -0.56929083
  -0.30255385]
 [ 0.97233149  0.98209537 -0.98076338 -0.23204777  0.73159542 -0.05391103
   0.40557468  0.33164331  0.83373867  0.40046507  0.06136825 -0.54747965
  -0.31372214  0.80008061  0.37475899 -0.49913885 -0.44604903  0.40654603
   0.55491454 -0.00115149 -0.01388765  0.57792217  0.3520957   0.06744713
  -0.49102602]
 [ 0.61175259 -0.69948449 -0.82869213 -0.76636747 -0.8952009   0.14983825
   0.70251028 -0.46150905 -1.01445022  0.12915141  0.62420916  0.32886327
  -0.7994615   0.54042597 -0.69787268  0.11994143  0.32098621 -0.0375691
  -0.33809361 -0.48384732 -0.59668861 -0.15464726  0.41024897  0.70035207
   0.53209759]
 [-0.46695066 -0.04723339 -0.82530205  0.70101213 -0.31808126 -0.53162214
   0.57671359 -0.73142829 -0.06350888 -0.33224216 -0.97778351 -0.18527275
   0.01520242 -0.43866187  0.24008301 -0.75111263 -0.62598067 -0.66260858
  -0.86290584 -0.62579824  0.27396444  0.31293633  0.14559694 -0.27611277
  -0.2855403 ]
 [ 0.88662752 -0.99238468  0.19839896 -0.83322239 -0.59641332 -0.99481013
  -0.78601299 -0.33652264 -0.15757856  0.8669062  -0.89268667 -0.44987575
  -0.65683134 -0.34183419 -0.84206515 -0.40669674 -0.70395204  0.07583844
  -0.59404811 -0.56509619  0.92721417  0.6907761   0.06372497 -0.39872636
  -0.92287227]]