100 25 9
[[-0.39488015 -0.03113947 -0.21072384 ...,  0.27852099 -0.97821697
  -0.56031717]
 [ 0.28269673  0.78595773  0.29544308 ..., -0.0833587   0.22065749
  -0.84060714]
 [ 0.50189751  0.88515955 -0.65401658 ...,  0.90319933  0.0289813
  -0.63594913]
 ..., 
 [ 0.89717088  0.31106321  0.64842849 ..., -0.11380134 -0.34169063
   0.31990361]
 [ 0.46448164  0.89379278 -0.58644541 ...,  0.64266013 -0.573865
   0.56159745]
 [-0.49962664 -0.35802007 -0.05928948 ..., -0.49514935 -0.90646641
  -0.57816811]]
[[-0.77871704 -0.64801544 -0.21279553 -0.47040959 -0.81453366  0.72148298
  -0.52545212  0.65746102 -0.92017591 -0.08277582 -0.0101276   0.73797793
   0.26536127  0.795017   -0.42205818 -0.63554337 -0.94842367 -0.81658654
   0.27388438 -0.54296462  0.14865408 -0.59169259  0.86431561 -0.88150236
  -0.23858149]
 [-0.09688672  0.50431337 -0.4326065   0.74648924 -0.55087309  0.67011345
   0.52351876 -0.29095224 -0.13847203 -0.14295082  0.20241191 -0.65911228
  -0.00844918 -0.58532459  0.5609523  -0.95766469  0.46644372  0.64334326
  -0.51481996  0.47376967 -0.93623444  0.19189886 -0.01218529 -0.00413979
  -0.48220245]
 [ 0.46126111 -0.50390509  0.85956191  0.01453469 -0.72929868 -0.09795429
   1.08610458 -0.7047134  -0.73552497  0.4859614   0.16939697  0.30510369
   0.05185351  0.88542748  0.68727774 -0.56402273 -0.71958084  0.18755086
   0.88020874 -0.54887451  0.68046373  0.57457328 -0.23894956  0.60106519
  -0.64781953]
 [ 1.03506573  0.32147744 -0.57761483 -0.75576138 -0.06981574 -0.12826593
  -0.26124435 -0.0929269   0.85311123  0.32337941  0.3829139   0.27969273
  -0.06070711 -0.2961851   0.33383156 -0.15251199  0.89095467 -0.11694743
  -0.33378196  0.23678612  0.32691337 -0.50067135 -0.68621078 -0.25062683
   0.35557118]
 [ 0.87909965 -0.46386715  0.79423828 -1.02165522  0.28908937  0.45517711
   0.85177525  0.34488175  0.39683518 -0.66512977 -0.695962    0.94221705
  -0.75277426 -0.03917412  0.71468182 -0.52927929 -0.14308504  0.94650789
   0.91093234 -0.1357207   0.31400374 -0.00936646 -0.1041643   0.45965185
  -0.51236251]
 [ 0.64033185  0.20125278  0.03207576 -0.38326183  0.11489276  0.24814505
  -0.52899872 -0.10568408 -0.7593712   0.43334955 -0.21867737  0.61699377
  -0.78198676 -0.3595067  -0.48952064 -0.0937031   0.87645234  0.25686852
  -0.52016132  0.59507265 -0.48448015 -0.37010858 -0.68460524 -0.69031104
   0.83518619]
 [-0.47756205  0.34654847 -0.82210339  0.94892399  0.28072868 -0.58536229
   0.25731733  0.37729332  0.07920027 -0.16477576  0.00928335 -0.81956393
   0.48708819 -0.43890631  0.25317007 -0.0107543   0.35776583 -0.10053812
  -0.98576567  0.91642639  0.70291155 -0.6250713  -0.08929807  0.91485705
   0.20064253]
 [-0.40410482  0.16293493  0.35012669  0.52255888  0.78413367 -0.14474213
   0.18437889 -0.85526244 -0.15808613  0.58234049 -0.10022702 -0.50519889
   0.97612266 -0.64273732  0.28476176  0.23133769 -0.96179446  0.10058988
  -0.77329444  0.96789422 -0.05147096  0.65315179  0.42766046 -0.57020688
  -0.23510718]
 [ 0.04121296  0.02275918  0.41226759 -0.32294696  0.7424206   0.02415681
  -0.33015151 -0.61887576 -0.70913219 -0.09047624  0.78528703  0.24687665
   0.92471956 -0.49434092  0.5515297  -0.83155541  0.65830782  0.83922085
  -0.86057838  0.00597911 -0.19866239  0.11320978  0.95621175  0.68477004
  -0.03997292]]