100 25 10
[[-0.39976394  0.36322515  0.07812534 ..., -0.12955208 -0.10137099
  -0.43995547]
 [ 0.81958024 -0.79296381  0.1950639  ...,  0.40669797  0.79909819
   0.77428362]
 [ 0.74705168  0.22750187 -0.4929865  ...,  1.05162212 -0.40252837
  -0.62156855]
 ..., 
 [-0.15267533 -0.68373968  0.22123592 ..., -0.04998138 -0.54155871
  -0.31726584]
 [ 0.39973449  0.77297923 -0.15986731 ...,  0.02535257 -0.56562301
   0.98729104]
 [ 0.08723293 -0.52050782  0.53085976 ...,  0.61633327 -0.2129141
   0.42145179]]
[[ 0.96129782 -0.32258505 -0.97283713  0.13643752  0.00902163 -0.36160084
   0.82946767  0.43772887  0.21849868  0.67175069  0.99989438  0.38964858
  -0.42237743  0.85446898 -0.32792746 -0.68067957  0.88313903 -0.34112302
   0.52711671 -0.39754575  0.8778054   0.07283022  0.04756878  0.86080026
   0.76070515]
 [ 0.64378237 -0.23904621 -0.98931492 -0.05729129 -0.50106251  0.75050814
  -1.01349255 -0.71352533  0.7005917   0.81390681 -0.60075873 -0.33902361
   0.22022548  0.91332287  0.52030794  0.91670248 -0.81199937  0.27745596
   0.03854502  0.51626879  0.30729195 -0.18992958  0.21458504 -0.16953815
   0.01335205]
 [-0.48971802  0.89532083 -0.7799809   0.29566592 -0.77745597  0.87338099
  -0.64440022  0.33554136  0.07413975  0.55227915  0.73928645 -0.2446193
   0.48056767  0.42100233  0.92747494  0.06579514 -0.63600788  0.00634032
   0.7329304   0.09934846  0.36314954  0.10188911 -0.64506099  0.73360661
   0.73016155]
 [ 0.53976595 -0.77638902  0.55241031 -0.42780853 -0.84538587 -0.60580304
  -0.58640294 -0.94904114 -0.9376985  -0.19382403  0.66925738  0.05563404
  -0.05909151 -0.16719785  0.61781169 -0.70807927  0.78061895  0.21788002
   0.77230117 -0.55460163 -0.39124292  0.03324817 -0.59515544 -0.86747087
  -0.0124948 ]
 [ 0.31430564 -0.54562864  0.80285163 -0.07994185  0.65540555  0.96571088
  -0.35687959  0.5214992  -0.79951211 -0.4739296   0.20253246  0.1406992
  -0.5634568  -0.57218242 -0.79470598  0.39118131  0.51859556  0.11145698
   0.0167851  -0.59664062  0.76258326 -0.71961039  0.84809382 -0.7785968
   0.57111477]
 [-0.53097659 -0.69238133  0.4929232   0.27156681 -0.5316107  -0.41277701
   0.49957281  0.42403417 -0.59271312 -0.10105169 -0.17223523 -0.71420725
  -0.84843781 -0.98340753  0.22707529 -0.28689481  0.59594781 -0.66245174
  -0.75420908 -0.46921979 -0.49836397  0.11244023  0.75352958  0.25043286
   0.41057996]
 [-0.89809053  0.7816811  -0.08742555 -0.60478713 -0.44068755 -0.19179299
  -0.58319306  0.67609974 -0.10500955  0.72166586  0.26907739  1.01458305
   0.91000529 -0.36008911 -0.54839585 -0.467073   -0.80214795 -0.3306671
   0.76742685  0.18655681 -0.13819409  0.47635445 -0.5913119   0.26950338
   0.05291106]
 [-0.14357886 -0.21553669 -0.46971051  0.06981716 -0.02026477 -0.76915758
  -0.12569557 -0.76759249 -0.53805366 -0.70984893 -0.24319672  0.04639321
   0.5782669   0.74826329  0.7862745   0.25902642  0.47545321  0.70819026
   0.6800642   0.93729927  0.33842734  0.98036045  0.22174691 -0.21238599
  -0.36192794]
 [ 0.5465096   0.14383177 -0.61226032 -0.768948    0.73018665 -0.25734978
   0.02072664 -0.25153901  0.22781201 -0.72841501  0.4008567   0.8609542
   0.55832077 -0.94047483 -0.54726679  0.28858541  0.81422715  0.89603579
  -0.43016901 -0.01304993  0.40782886  0.67879527  0.24330342  0.88739735
   0.43762973]
 [-0.43237734  0.47904325  0.52816313 -0.09315323 -0.09455063 -0.28654197
   0.86814844  0.43144128 -0.22651966 -0.84549739 -0.17199705  0.96057357
   0.69400552 -0.07537274  0.93801147 -0.33236385  0.44199737 -0.79852522
   0.75994384  1.0012763   0.96494954  0.53978441 -0.40661155  0.15947417
  -0.1394299 ]]