100 25 9
[[ 0.99028905 -0.53332638 -0.17228974 ...,  0.82422346  0.03443831
  -0.01944756]
 [-0.50439722  0.69120431 -0.96619879 ...,  0.23457892 -0.3219239
   0.17249697]
 [ 0.63314711 -0.08962191 -0.0215525  ..., -0.16842898 -0.53764464
  -0.81595568]
 ..., 
 [ 0.5568766   0.42026698  0.4333366  ..., -0.86548237 -0.97018086
   0.60382394]
 [-0.45733884 -0.16631802  0.26788164 ...,  0.41548605 -0.66068751
   0.57398481]
 [ 0.15707026  0.50257663 -0.20256601 ...,  0.5707591   0.76880122
  -0.28232592]]
[[ 0.5471641  -0.54550401  0.12839636 -0.60683193 -0.721533    0.20161498
   0.39781913 -0.10924759 -0.73518359 -0.65521279  0.63554741 -0.72363086
   0.93890368  0.56394572 -0.68492385  0.39119956 -0.70112777 -0.94694287
   0.44616485 -0.51402191 -0.21499943  0.96631653  0.23966291 -0.18803027
  -0.5672179 ]
 [ 0.58189267  0.65140195 -0.08098725 -0.73154496  0.94209789  0.1963255
   0.16899583  0.43060565  0.05734117 -0.22578121 -0.76688723 -0.38131948
  -0.11582189 -0.95935647 -0.52961268 -0.28623681  0.97492904  0.40753643
   0.06607849  0.4218326   0.72321583  0.25741025 -0.87955151 -0.6533616
  -0.56842737]
 [-0.08411174  0.03374394  0.45748808 -0.60159787 -0.01486942  0.48419962
  -0.98228315 -0.13780745 -0.56212397  0.88756891 -0.77531199 -0.39945987
  -0.15711515 -0.29760369  0.00498348  0.69064278 -0.65288094  0.38508389
  -0.08852885  0.22071902 -0.00270492 -0.14460613 -0.4376346  -0.70088776
  -0.68221985]
 [-0.46818679  0.82611017 -0.08519028 -0.7469367  -0.75919554 -0.50124136
   0.45551198 -0.50240262 -0.39734455  0.91429179  0.51798478  0.70993734
  -0.1669877   0.39195575 -0.6791851  -0.82712503 -0.34858604  0.48196664
   0.58702445  0.75394721  0.38498701  0.31611787 -0.52541543  0.85750071
  -0.05821355]
 [ 0.89972461 -0.2884768  -0.17842697 -0.55734385  0.9666149   0.12417402
   0.7905347  -0.68813077 -0.62136017 -0.07431778 -0.50966692  0.39715954
  -0.07895149 -0.86258357  0.80573665 -0.1779598   0.53762402 -0.00185875
   0.27022303 -0.80562944 -0.22934632  0.15760471 -0.02097749 -0.26964325
   0.02265294]
 [ 0.35128343  0.27649023 -0.62158324 -0.09288675  0.52662395  0.22506105
   0.85368991 -0.35394455  0.89949416  0.28115023  0.13117555  0.3079247
  -0.67608178 -0.99063479 -0.45279125  0.22982426  0.93828245 -0.15586713
   0.25897665 -0.25026707  0.30360254 -0.66765362 -0.87473568  0.1946173
   0.1363727 ]
 [-0.79908141  0.32354328  0.62620706  0.11406048  0.02210231  0.19635596
   0.18476927 -0.58080865 -0.8019684  -1.01526819  0.53942785 -0.51947223
   0.48366417 -0.85893604 -0.31899011  0.46954883  0.14714692 -0.33146589
   0.73166537 -0.07465368 -0.87560956 -0.69950958  0.62151466  0.33783841
  -0.93394045]
 [-0.76368447 -0.56228715  0.23702272 -0.65378864  0.31403288  0.90708881
   0.09410669  0.68648432 -0.53726385  0.64635066 -0.97610336  0.20543918
  -0.31876323 -0.64030142 -0.39888182  0.65784934  0.8236716  -0.01615162
   0.42415519 -0.51353415  0.1679407  -0.18008397 -0.17124282 -0.57362661
   0.14710943]
 [ 0.55758529 -0.06809758  0.5225241  -0.99938452 -0.25361497  0.68062458
  -0.16726467 -0.14057809  0.75283117 -0.68727645  0.07792712  0.66272774
   0.01830245 -0.39704465  0.29608107 -0.24922187  0.2858152  -0.87011736
  -0.06240006 -0.44456446  0.52545748 -0.21921111  0.84625839 -0.13052102
   0.3630754 ]]