100 25 10
[[-0.3345169   0.78813942 -0.41235532 ..., -0.26840189  0.97816979
  -0.08026015]
 [-0.0757896   0.76348601  0.16050166 ..., -0.47820209  0.96791038
  -0.95007411]
 [-0.71116012  0.54592341 -0.86806402 ..., -0.73819417  0.25888566
   0.5790781 ]
 ..., 
 [-0.43354964  0.24968246 -0.25210076 ..., -0.93620901 -0.78418822
   0.44524343]
 [ 0.43990008 -0.09776703  0.94319578 ...,  0.98973911 -0.88422051
   0.29132923]
 [ 0.38671375 -0.96702251  0.52882897 ..., -0.0786984  -0.98659572
  -0.74942961]]
[[ 0.32462245  0.62309393 -0.00698246  0.32928967 -0.99100771  0.55851633
   0.30052156 -0.57795798  0.14761264 -0.44584938 -0.31997295 -0.2725366
   0.38029854 -0.62511832 -0.34570281 -0.51848243  0.9969109   0.43517876
   0.36202607 -0.29407643 -0.19321414  0.64060509  0.04543786 -0.06962956
  -0.95017941]
 [ 0.10035631  0.17130745  0.38766998  0.03645671  0.12654659  0.67785016
  -0.26919114 -0.04028139  0.27354347  0.09036117 -0.34616977  0.77531672
  -0.87789807  0.62328046  0.07119763 -0.49145778 -0.5185678   0.38454234
  -0.13371718  0.82886396 -0.85079217 -0.77251866 -0.63171163 -0.73141755
   0.64790481]
 [ 0.49098313 -0.5225953  -0.02204119 -0.38953902  0.24101163 -0.79627023
   0.81567974 -0.93139797 -0.13627073 -0.89488478 -0.28848972  0.19657784
   0.05854825  0.80684039  0.95249574 -0.59937693  0.49218786 -0.09666216
  -0.16704393  0.36086953 -0.58644426  0.45123768 -0.61735522 -0.63435971
   0.13799068]
 [ 0.63408001 -0.07607905  0.00622546  0.91034306  0.13847054  0.95777539
   0.67892358 -0.48121389  0.61576414  0.88813586  0.51627768  0.73576233
   0.22154628 -0.38535736 -0.94908604 -0.84946841  0.55146951  0.87931254
  -0.51977995  0.37059987  0.22982999 -0.45577886  0.095038    0.67551251
   0.75753828]
 [ 0.01899666  0.17115178  0.11481324 -0.31374906 -0.1801764   0.46097571
  -0.0279351  -0.11279282  0.9360281  -0.61347447 -0.82974932  0.44906347
  -0.82201696  0.17687787  0.61604513  0.97071709 -0.5906399  -0.65680358
  -0.64566944  0.13879763  0.51373842  0.09299092 -0.0863718  -0.76897685
   0.46416314]
 [ 0.62656992 -0.80525504  0.06708962  0.27003276  0.20145739  0.01609805
  -0.21892514 -0.90334999  0.74058399 -0.32427435  0.92417535 -0.80433678
  -0.00383186  0.68105199  0.63508224 -0.99124283 -0.6121326   0.54927254
  -0.30354844 -0.0714355  -0.26559766  0.16689576  0.17542158 -0.78674603
   0.15269559]
 [ 0.75557812 -0.35333201 -0.10295308 -0.13418505 -0.79514949  0.64309445
   0.23258323 -0.93158619  0.5298018  -0.54570725 -0.43201065  0.92059457
   0.23542341  0.96049492  0.93795773  0.62498935  0.10753052 -0.59488335
  -0.88479584 -0.23337921  0.197026    0.94323283 -0.72129505  0.78584064
   0.53864831]
 [ 0.98150127  0.58508975 -0.71718734  0.10200733  0.3767007  -0.32321194
   0.38287908 -0.32304665 -0.13890514  0.37183449  0.7541724   0.23486883
   0.24016664  0.17726959  0.49855424 -0.61463761 -0.64886909  0.73326909
  -0.48472929 -0.28391412  0.53959602 -0.42985066  0.73468313 -0.7353174
  -0.94646252]
 [ 0.1336155   0.81661273 -0.3158608   0.1592681  -0.40862014 -0.72593731
  -0.59686744 -0.80583232 -0.71674027  0.41752357  0.51822562 -0.1342906
   0.95707512  0.0315036   0.45285575 -0.79278129  0.6018011   1.02766915
  -0.4038146  -0.78482306  0.34125463  0.28682639  0.85872047 -0.56586538
  -0.07831375]
 [-0.83100662 -0.80375791  0.44457222 -0.38216006  0.26266781 -0.34906994
   0.65650026  0.89844594  0.54831194  0.69224288 -1.00272358  0.23531187
   0.81358974  0.02915924  0.64085846  0.58224553  0.66463802  0.01752777
  -0.30053682 -0.23013763 -0.28353325  0.29708717 -0.5317269   0.69327133
   0.5618547 ]]