100 25 9
[[ 0.72278066  0.77320088  0.10514007 ...,  0.77580801 -0.45523974
   0.65754701]
 [-0.39953186  0.97059085 -0.6852004  ...,  0.18263389 -0.07066179
  -0.42427649]
 [-0.94862319 -0.90147115 -0.02411732 ...,  0.79345558  0.46193006
   0.23790243]
 ..., 
 [ 0.09280716  0.71492191 -0.62563796 ...,  0.20901132  0.27317735
   0.32432226]
 [ 0.61148452  0.84521937 -0.96738811 ..., -0.81615091  0.53015425
   0.16558599]
 [ 0.61662475  0.38108028  0.81815389 ...,  0.70548582 -0.34806158
   0.42610844]]
[[ 0.48413863 -0.87359522  0.87583658 -0.73058129  0.03740898  0.89837486
  -0.8110137   0.17447209  0.21658332  0.28283051  0.62393072 -0.72550714
  -0.65700629 -0.91286098  0.72895424 -0.34330113 -0.81985131 -0.85173163
   0.52953812 -0.06433784 -0.88987893 -0.80397705 -0.56975719  0.60538409
   0.55683054]
 [ 0.999493   -0.81300949 -0.7977403  -0.16726927  0.86740982  0.96853497
   0.14331673  0.07809137  0.05494509 -0.87786611  1.01064609  0.68031692
   0.08042312 -0.59703772 -0.2067768   0.61677723 -0.44759651  0.58304588
   0.27807868  0.98010693  0.92674626  0.64541821  0.15140131 -0.40176463
   0.86953705]
 [ 0.44225519  0.13580311  0.82381632 -0.19219646 -0.81754083 -0.30586485
   0.28030135  0.5758785  -0.30453342 -0.79653614 -0.96237664 -0.95713817
   0.41807092 -0.11299744  0.17762332 -0.48140432  0.40082677 -0.40741187
   0.58025577 -0.26336479 -0.96162546 -0.0549539   0.18018258 -0.75081694
  -0.04119746]
 [-0.13637215  0.08108281  0.90298934 -0.62322607 -0.13049078  0.69726725
   0.54846484  0.2912211  -0.98324607  0.00565572  0.38325339  0.40921029
  -0.20177653  0.06744673 -0.49217924  0.12449953  0.07434051 -0.31508855
   0.83467731 -0.38123755  0.48381063  0.95885284 -0.65151534  0.60610933
  -0.77927885]
 [-0.00165132 -0.26368548  0.64708723 -0.52746646 -0.73304881 -0.47794322
   0.32964255 -0.73241281  0.40304373  0.53465127 -0.9616401   0.12676424
  -0.19715972  0.40919719  0.98602949 -0.40765204 -0.47077646 -0.83866676
  -0.06138787 -0.34198609 -0.58025726 -0.90600328  0.58529192 -0.81632811
  -0.5387351 ]
 [ 0.64431884 -0.94149463 -0.40657861  0.37288524 -0.68729348  1.00660712
   0.15182688 -0.37832144  0.21886664 -0.44138255  0.07786106  0.71406217
   0.54999069 -0.99577202 -0.23212004 -0.42965311  0.34274149  0.99757566
  -0.10081373 -0.52057162 -0.54867741  0.36721275  0.6162914  -0.53365888
   0.29157434]
 [-0.53136962 -0.94711948  0.29605173  0.05198853 -0.09767119  0.65580746
  -0.09701208  0.03691711  0.41447548 -0.6189758   0.18791507  0.21683167
  -0.33012136  0.25121772  0.60349325  0.50588665 -0.73213398 -0.88898745
   0.2674461   0.64587388 -0.45246684 -0.91784092 -0.8021781  -0.85946734
   0.18385969]
 [ 0.70853131  0.16749106 -0.54365776  0.37085724 -0.38064915 -0.9787813
   0.86710877 -0.65241476  0.01472642 -0.44979938  0.46577414  0.43958792
  -0.54962886  0.43016857 -0.37005932 -1.01403863 -0.36437421  0.89967621
  -0.63665413  0.73902886 -0.65760421 -0.22257818  0.50756588  0.09739846
  -0.81581747]
 [-0.17539754  0.45051927  0.64697059 -0.38352898 -0.24967487  0.95369136
   0.11247999  0.08036147 -0.11914647  0.21010362  0.68908154 -0.93249338
   0.9118383  -0.45875405  0.11290776 -0.41868311 -0.03358375 -0.02473765
   0.08186207 -0.13459677  0.21316235 -0.50915357 -0.57420561  0.24115114
  -0.02568526]]