100 25 10
[[-0.44580517  0.38946245  0.17340901 ..., -0.14904531 -0.15120783
   0.27026001]
 [ 0.86603072 -0.76771131  0.23275712 ..., -0.14539281  0.79309105
  -0.82820178]
 [ 0.70679231  0.18929668 -0.45991132 ..., -0.07316469 -0.40112687
  -0.13493811]
 ..., 
 [-0.16216141  0.33322917  0.15276859 ...,  0.31123293  0.75553609
  -0.25330674]
 [-0.60617364  0.77922422 -0.62156413 ...,  0.03096766  0.9123619
   0.98923183]
 [ 0.05486515 -0.76917001  0.366314   ...,  0.60167715 -0.21293853
   0.91093492]]
[[ 1.00468968  0.30224606 -0.95857369  0.11913525  0.05455856 -0.37982952
   0.77711184  0.42871026  0.23111044 -0.23752847  0.96182702  0.37453094
   0.06152059  0.86378798 -0.36243747 -0.6869935   0.97196136 -0.31938471
  -0.27590826  0.6926455   0.87859295 -0.0021759   0.02322648  0.85407782
  -0.07379333]
 [ 0.674689    0.03787884 -0.90084009 -0.78337307 -0.71249296  0.96197387
  -0.98701624 -0.73591751 -0.15514802  0.78789211 -0.38531841 -0.35686921
  -0.70074166 -0.6148848   0.52026232  0.93110507 -0.82262331  0.27015747
   0.01464646  0.94683477  0.34097081  0.12023962 -0.29440001 -0.19541802
  -0.11480739]
 [ 0.58249578  0.87303511  0.40162153 -0.61142645 -0.34694293  0.88170451
  -0.82418236  0.35060494 -0.90752817  0.57985819  0.2454806  -0.25514641
   0.47646728 -0.1266965   0.94009511  0.04881302  0.13140548 -0.00120922
   0.75430114  0.90527905 -0.62114008  0.11092498 -0.65236929  0.73676721
   0.76285784]
 [ 0.52078859 -0.79691473  0.53112274 -0.44647876 -0.33651858 -0.54441956
  -0.60142306  0.45301633 -0.92977306 -0.18996832  0.67054181 -0.14944301
  -0.05064418 -0.03689625  0.53894769 -0.66925155  0.04075917 -0.25386145
   0.86571825 -0.58473015  0.82211517  0.41636572  0.432121   -0.83612086
   0.00258648]
 [ 0.32589881  0.38930427  0.79263529 -0.86951229  0.65403838  0.9894316
  -0.53255779  0.92267323 -0.79793266 -0.49004901  0.74825148 -0.54960409
  -0.70349965 -0.23584488 -0.78727208  0.00630407  0.51706393  0.16423342
   0.06446905 -0.62188971  0.8369614  -0.70309048  0.82449714 -0.79221493
   0.57432561]
 [-0.52598833 -0.67620791  0.49177905  0.72401886 -0.56120194 -0.41467434
   0.41272635 -0.63036565  0.72917916 -0.85159269 -0.17366522 -0.67362717
  -0.85885822 -0.09776254  0.23257966 -0.75458377 -0.57263937 -0.6705137
   0.39539064 -0.48761475 -0.48186085  0.13193215  0.75193866  0.22184666
  -0.79765929]
 [-0.89712     0.76235645 -0.07915702 -0.420472   -0.72428776 -0.82576399
  -0.25978044  0.36301954 -0.09929168  0.139752    0.17485481  1.00651311
   0.93454674  0.32032531 -0.57123183 -0.8208036   0.70985067 -0.22694904
   0.73104079 -1.01710249 -0.14460814 -0.47516856 -0.57898767 -0.45182998
   0.06177706]
 [-0.17285421 -0.20827174 -0.38920018  0.04795271 -0.03074391 -0.80026233
  -0.11177962  0.80011122  0.67708811 -0.72207967  0.00977098  0.07943923
   0.58170593  0.727898    0.45142617  0.30144601  0.46124881  0.70578791
   0.717201   -0.82615152  0.3681713   0.78338868  0.19120909 -0.14530401
  -0.37775194]
 [ 0.59193829  0.47605007 -0.10807123  0.42831544  0.72882833  0.3182953
   0.04420701 -0.21771927  0.97713365 -0.78771848  0.95941836  0.87773067
   0.57803756 -0.92730207 -0.58896283  0.3386753   0.79854356  0.88516945
  -0.01366185 -0.5667673   0.37574077  0.6760033   0.48069136  0.89162158
  -0.1022538 ]
 [-0.23002252  0.49524306 -0.24829959 -0.07694402 -0.09874722 -0.21554592
   0.87366752 -0.17045998 -0.25847318 -0.81758707 -0.73429776  0.8266839
  -0.58025275 -0.00376444  0.93720873 -0.29571763 -0.7839988  -0.77478625
   0.79621404  0.39578496  0.3416677   0.55139277  0.86099376  0.16630877
  -0.47525129]]