100 25 10
[[ 0.44523445  0.90615854  0.93466635 ...,  0.18685668 -0.41971802
   0.48670853]
 [-0.75875744  0.61173371 -0.81744825 ..., -0.1632886  -0.23216307
  -0.19009625]
 [-0.1989349   0.6721644   0.06497201 ..., -0.12368655 -0.09797724
  -0.48867712]
 ..., 
 [-0.59643627 -0.44995887  0.69800546 ...,  0.44079215  0.30246898
   0.20663865]
 [ 0.49576946 -0.53650772 -0.7795372  ...,  0.75762205 -0.93120702
  -0.04321207]
 [ 0.56522886  0.19891369  0.04359551 ...,  0.61328537 -0.61229031
  -0.33369035]]
[[ 0.57330003  0.70421513 -0.02086233 -0.17615351 -0.12374244 -0.79267059
   0.86792601  0.91980094  0.44674329 -0.42451152  0.77769388 -0.1129492
  -0.43640504 -0.07246618  0.09471782 -0.79875619 -0.07783961 -0.77673283
   0.18570597  0.10286514  0.19531338  0.99463598  0.59163486  0.69307159
  -0.15050424]
 [ 0.93055185  0.98818281 -0.70424365 -0.44076347 -0.27197486  0.51984731
   0.01077245 -0.1458121   0.65816704 -0.66414495  0.27624544 -0.76998995
   0.16024794 -0.80137534 -0.16590549  0.92106808  0.25115436 -0.70472387
   0.16154574 -0.8080893   0.2538197  -0.02752778 -0.06189274 -0.74450817
   0.66972921]
 [ 0.61117661  0.0843797  -0.84927551  0.4196523   0.84500458  0.70492896
   0.48637004 -0.70456149 -1.01686627  0.66721053  0.45375732  0.53404368
   0.47731187 -0.2286863  -0.34709729  0.01223443 -0.66316131 -0.34494266
   0.20767323 -0.64680932 -0.79942846  0.51418482  0.86177571 -0.00420096
   0.65497108]
 [ 0.40868527  0.33956246 -0.08714796 -0.91050945 -0.1623991   0.35217856
  -0.64067634  0.77103644  0.21809416 -0.22297855 -0.67692202  0.74237888
  -0.24312366 -0.47457624  0.08805577 -0.95958652  0.24308675 -0.79655276
   0.31473125  0.48633962  0.03460269 -0.0905702   0.50297892 -0.08216069
   0.95042436]
 [-0.3905565   0.78309819 -0.91995476 -0.39654479 -0.59484458  0.2654259
   0.24879753 -0.48020908 -0.74080644 -0.63042051  0.92265353  0.09960235
  -0.37861179  0.42747349 -0.67062313 -0.89363774 -0.58351833  0.13138675
   0.05944469  0.65310532  0.29759875  0.82187156  0.19050586  0.16508098
   0.01514264]
 [ 0.52164605  0.07346864  0.65447489  0.21168686  0.61218439 -0.79984466
   0.36196363  0.18662075 -0.20191473  0.65540108 -0.98895331 -0.45306665
   0.10436579  0.08154873 -0.86048956 -0.57002899 -0.49870748  0.26069047
   0.5675573   0.32078248  0.39217141  0.09371524 -0.09838833 -0.71355099
  -0.00236434]
 [ 0.42351323 -0.78265033 -0.60895661 -0.15906214 -0.35673439  0.23489727
   0.75009563  0.66852918 -0.65751517  0.30610191 -0.41847676  0.60079075
  -0.00507764  0.47926493 -0.84698838  0.24513527  0.13412261 -0.68098141
   0.5202519   0.33649519  0.22737901 -0.94677979 -0.94258317  0.9335161
   0.78832545]
 [-0.13987524  0.54539259  0.09972989  0.87712264 -0.3195464   0.09969355
   0.64331385  0.88325171 -0.64557739 -0.35061869 -0.88541076 -0.08306907
  -0.80397612 -0.33060836 -0.07599357 -0.06377528 -0.84283012 -0.74404292
  -0.52050278  0.29939613 -0.95516135 -0.22498369  0.74012151  0.30647109
   0.14886892]
 [ 0.69262254 -1.00658677  0.47372938  0.42580969  0.12829645 -0.17715554
  -0.61919561  0.23421902 -0.9284669   0.55052031 -0.40625761  0.7189748
  -0.06224611 -0.64210961  0.63862294  0.41783583 -0.04894601 -0.19597014
   0.84071698 -0.97292115 -0.35933182 -0.8016343   0.90520764  0.31447951
  -0.81772189]
 [ 0.71418522 -0.3846359  -0.90724729  0.88020404 -0.5763473  -0.61704733
   0.46806553  0.42021504 -0.73724025 -0.05203023  0.93548505 -0.90712682
  -0.57421929  0.12105623 -0.78207104 -0.64263291  0.36763074  0.39908266
  -0.08676718  0.21015748 -0.82805131  0.45657019  0.31032665  0.21800057
  -0.49965249]]