100 25 9
[[-0.01439495  0.03284695 -0.20049599 ...,  0.92142036 -1.01778818
   0.06081009]
 [ 0.14316678  0.77450427  0.23233023 ...,  0.07721344 -0.66009619
   0.10766426]
 [-0.89862684 -0.9759391   0.44324345 ...,  0.0572524  -0.46212311
  -0.66845893]
 ..., 
 [ 0.45569148  0.27972228  0.76924285 ..., -0.09669898 -0.65898763
  -0.19170815]
 [-0.3815541  -0.75840693 -0.78761046 ...,  0.66011697  0.62924938
  -0.10923501]
 [ 0.17967061  0.78427876 -0.53118805 ..., -0.14690049  0.21874168
   0.32087464]]
[[-0.7636665   0.29118788 -0.1931148  -0.80729903  0.56259445 -0.25696427
  -0.59754645  0.63976192 -0.93404728 -0.95638024 -0.26904314  0.00210742
   0.28798176  0.13763245 -0.06930969 -0.15266787 -0.12299773  0.02361525
   0.23095351 -0.56088215  0.10625786 -0.60115672  0.84660582  0.98782618
  -0.25210582]
 [-0.46704296  0.55652553 -0.41990098 -0.34168077  0.94465324 -0.0573508
  -0.39743481 -0.3633162  -0.25295002 -0.10030302 -0.23048063 -0.3959971
  -0.01929206  0.67007181  0.14228747  0.57226592  0.29536091 -0.52293604
  -0.44119128  0.75811088 -0.90576073  0.1680109  -0.05952231 -0.04491329
   0.29541367]
 [ 0.45681117 -0.1103561  -0.29705041  0.0164161   0.75143182  0.72520028
   1.08883275  0.86452074 -0.76902813 -0.23962567  0.68165741  0.69308392
   0.01878113  0.46356033 -0.23480008 -0.06003844  0.91770029 -0.77538993
  -0.93839178 -0.53332994  0.01329909 -0.80884715  0.66982317 -0.49872066
  -0.64095583]
 [ 1.10714161  0.34464568 -0.54972712 -0.20699573 -0.40110412 -0.14619123
  -0.95471075 -0.01905985  0.87559258  0.30636267  0.0035635   0.35398908
   0.87254677  0.65933769  0.04643231 -0.20673886 -0.08054275 -0.11811498
   0.89144918  0.31163339  0.30984901 -0.22298368 -0.17721161 -0.24029878
  -0.40241223]
 [ 0.72488109 -0.25749751  0.74720328 -0.8466345   0.49101779  0.48763751
  -0.57379043  0.32186906  0.32364274  0.3130109   0.99986952  0.97285854
  -0.69446081 -0.18346591 -0.7057496  -0.99927352  0.85445524  0.95018962
   0.23377883 -0.16656454  0.33723041 -0.91230161 -0.96475108  0.47887538
   0.1578159 ]
 [ 0.60126883 -0.09161675  0.78121352  0.7388596  -0.89741682  0.73300899
  -0.52358704 -0.25568722 -0.73043635  0.42934486 -0.57173273 -0.25933578
   0.17767314 -0.8910925  -0.79206646 -0.11217045 -0.21220331  0.25683982
  -0.54413568  0.64069443  0.11358446 -0.96039986 -0.69446512  0.83750903
   0.53681359]
 [-0.42798669  0.72834463 -0.83382297 -0.87296379 -0.37248334 -0.70139328
   0.22736261  0.43318523 -0.93678665 -0.20212586 -0.7601317  -0.82252967
   0.43001703 -0.46248289  0.25049047 -0.80554529 -0.66622398 -0.11567013
  -1.05588533  0.93166308  0.91313472 -0.58704205 -0.07679322  0.92737601
   0.18280121]
 [ 0.19890152  0.38438761  0.34285603  0.15025118 -0.14789092  0.92071232
   0.2720505  -0.8703731   0.52143098  0.52828581 -0.09100883 -0.74098547
  -0.02766908 -0.64916749  0.83649163  0.74472174 -0.45622293  0.07401748
  -0.80787523  0.94954643 -0.03504235  0.52521249  0.38037259 -0.47484875
  -0.24965485]
 [ 0.05318927 -0.07190038  0.39707214 -0.26892713  0.58351216  0.0402625
   0.86276217  0.88855392  0.42339616  0.53190936 -0.36138439 -0.56993025
   0.9308166   0.64555077  0.55861731  0.90751074  0.65246197 -0.26332142
   0.58006171 -0.00217623 -0.20827448  0.64764269  0.87965575  0.77487348
   0.03159298]]