100 25 9
[[ 0.88762493 -0.93503973  0.27125735 ..., -0.81950193 -0.46759819
   0.07772124]
 [ 0.60728748 -0.29869278 -0.22229457 ..., -0.07388042 -0.58789828
   0.39294563]
 [-0.95663272  0.84305245  0.00480887 ..., -0.78739026 -0.59789264
   0.24699772]
 ..., 
 [ 0.31335559  0.52012176 -0.21652956 ...,  0.09397506  0.43527958
   0.02230597]
 [ 0.89091309  0.05250595 -0.39158076 ...,  0.86198138 -0.54562456
   0.2589645 ]
 [ 0.39607357  0.38188135 -0.79435408 ...,  0.05819755 -0.83547219
   0.86270534]]
[[ 0.74696987  0.34078377 -0.12264789 -0.47749262  0.26705298  0.95824542
  -0.30637571 -0.07264454 -0.34556873 -0.85429084  0.61936649  0.29915626
  -0.276066    0.15327755 -0.70132419 -0.29149263  0.18022256 -0.24309937
  -0.75969504  0.2985861   0.06689856  0.34073099 -0.5392675   0.56732259
  -0.10676633]
 [ 0.59408243  0.30898845 -0.0767115  -0.08921414  0.57551856 -0.98196866
   0.77585891  0.86617282  0.91304067 -0.68137582 -0.45463813  0.78485912
   0.34705838 -0.93638985 -0.87355754  0.50390345 -0.36436044 -0.01830558
   0.35552389  0.28385269 -0.60518622  0.65955061  0.71040911  0.1811054
  -0.96872333]
 [ 0.25510905 -0.34325323  0.85957012  0.54481825  0.87651573 -0.22328607
   0.54687525  0.66871855 -0.74103686  0.51221276 -0.66940272 -0.98315294
  -0.67304974 -0.2199003  -0.72560137 -0.06155232 -0.70752636 -0.16780069
   0.70134035 -0.24359519 -0.56899909 -0.31152135 -0.34968054 -0.18032517
  -0.36775505]
 [ 1.0323998  -0.32861847 -0.29038308 -0.62752019 -0.2769463   0.67569691
   0.94320533 -0.86309746  0.22963873 -0.56449276 -0.79355814 -0.16632366
   0.01438397 -0.04730622  0.60472893  0.79272425  0.2570253  -0.08495705
   0.83881336  0.84452956 -0.69643359  0.39093739  0.29389159 -0.5337474
  -0.34563274]
 [ 0.24636582  0.39583665 -0.88886297 -0.52301497 -0.72508629 -0.94451801
  -0.72993157 -0.79641835  0.00319298  0.93906887 -0.98090086 -0.67010152
   0.73555324 -0.55209483 -0.95422184  0.11461766 -0.16106482 -0.21504631
  -0.32093022  0.29960441  0.67556203 -0.8725318  -0.20401256 -0.6044032
  -0.64085197]
 [ 0.84185896 -0.74740221 -0.56912194  0.75237542  0.19780247 -0.54610475
   0.08675342  1.00160938  0.05312368 -0.81240644  0.06015912 -0.64138133
  -0.05679861 -0.80459013 -0.44597087 -0.78902301  0.71814061 -0.53833393
   0.75570802 -0.54211419  0.62684219 -0.03341217  0.23520254  0.13926738
  -0.07400436]
 [ 0.93650079  0.54502752 -0.16824836  0.37877334 -0.63765113  0.5992628
  -0.19529726 -0.59255466 -0.84954635 -0.04489734  0.00889285  0.33450852
  -0.2755752  -0.42490322 -0.617405   -0.61664666  0.59544757 -0.9868691
   0.94387107  0.37159167  0.65238133 -0.89354108  0.53119763  0.97483699
  -0.97234501]
 [ 0.10541775  0.60571216 -0.29704671  0.23922744  0.42101055  0.05441971
  -0.23036144 -0.12330464 -0.04056037  0.3735673  -0.87226403 -0.67434417
  -0.98411101 -1.06777502  0.50358883  0.6367573   0.55746403  0.50901987
  -0.09356338 -0.36647104  0.13741094 -0.57647481 -0.33523462  0.24372574
   0.71758309]
 [-0.17863876  0.76972217  0.7695689  -0.8992373  -0.39351115  0.01311485
   0.91129526 -0.23859687 -0.82865239  0.96434997  0.74433772 -0.95101026
   0.93973392  0.23544235  0.03162893 -0.86058613 -0.42307767  0.20646074
   0.08845251 -0.3825834  -0.01952136  0.8602195  -0.98777429  0.2266103
   0.21294669]]