100 25 10
[[-0.48800424 -0.6210963   0.36362849 ...,  0.27523134  0.48076534
   0.90382851]
 [ 0.58428908  0.37401996  0.09906296 ...,  0.61170271 -0.28438435
   0.6814907 ]
 [-0.7272522  -0.98836703  0.92852146 ..., -0.70385688  0.81577468
  -0.53697502]
 ..., 
 [ 0.51598153 -0.5736228  -0.24255045 ...,  0.93386453  0.81056713
   0.21620235]
 [ 0.71172809 -0.42368447  0.23163685 ...,  0.17328664 -0.00839759
  -0.41337648]
 [ 0.15678905 -0.92381217 -0.17617607 ...,  0.85075283  0.55226937
  -0.32781718]]
[[ 0.35501641  0.62169729 -0.00250883 -0.7956751  -0.94373499 -0.97460409
  -0.84458074 -0.38659915  0.22057911  0.48064912  0.74665526  0.30127163
  -0.76601186 -0.593949   -0.53040178  0.90782619 -0.51155286  0.270347
  -0.98939287  0.61510571  0.20285355  0.98606552 -0.16470159  0.97339687
  -0.46931559]
 [ 0.12814046 -0.3952902   0.5442186   0.82768897  0.02156622 -0.32372086
  -0.21014756 -0.59048706  0.38547565  0.36079985 -0.25214572 -0.12875848
   0.13836661  0.75462211 -0.17963285 -0.11882651 -0.60954883  0.66128396
   0.13732214 -0.08144354 -0.51920548  0.40717791 -0.9241555  -0.26373008
  -0.90034783]
 [-0.53510231 -0.51056841  0.30309529 -0.02517183 -0.22123763 -0.77704646
   0.33895136  0.04378129 -0.21152778  0.93693856 -0.33510716 -0.7307147
  -0.03146765 -0.83728693 -0.10894997 -0.1113679  -0.92044733 -0.49420587
  -0.62224328 -0.96781511  0.78630805  0.21533134  0.27692357  0.39638025
  -0.93894363]
 [ 0.61456598  0.16679014 -0.24689699 -0.08787381 -0.42021579  0.29165933
  -0.57951509 -0.42378425  0.1656261  -0.40004641 -0.9397114   0.77410878
  -0.99317162 -0.20391969 -0.0285674   0.04295777 -0.04284958  0.21340194
   0.73077796 -0.15572781 -0.44151632  0.28983739 -0.18972794  0.53540923
   0.075394  ]
 [-0.74787044  0.90651291 -0.51877946 -0.31445729 -0.06686225 -0.61357947
  -0.93839633 -0.02663411 -0.61235486 -0.81434958  0.39147135  0.53826185
   0.75003004 -0.01751339  0.73858028  0.96922002 -0.47356741  0.93177196
   0.63376706  0.08623481 -0.91990825  0.94495364  0.22827949  0.59487635
  -0.91906047]
 [ 0.36531747 -0.80478653  0.73973636  0.2747911  -0.34090426 -0.29357558
   0.73859055  0.30895702 -0.29010111 -0.02709204 -0.9989622   0.82775533
  -0.61720531 -0.34696123  0.29996981  0.93546939 -0.7988863  -0.50516277
  -0.3351368   0.46682012 -0.53778307  0.27225621 -0.68454758  0.79277049
  -0.34958479]
 [ 0.73711464  0.69394573 -0.08515666  0.02606967  0.95280077  0.67584274
   0.30133371  0.20060182  0.16116109 -0.78568381  0.80214813 -0.6194323
   0.08897061  0.87075174  0.85367845  0.17605037 -0.99829279  0.95944985
  -0.91254366  0.48767302  0.10964227 -0.09769195 -0.72239463 -0.27717393
   0.58435468]
 [ 0.66319997  0.8699548   0.09562428  0.75775677 -0.34569281 -0.39803694
  -0.29533551 -0.83389953  0.60887711  0.33551458  0.22149644 -0.94618555
  -0.88261416 -0.25287879 -0.87631402  0.22503816 -0.54503861  0.25698489
  -0.70557612 -0.52497407  0.99022722  0.57401221 -0.27497015 -0.43318772
  -0.82452549]
 [-0.62230008 -0.19620846 -0.91969155 -0.93671564 -0.06803493 -0.43559881
  -0.98850228 -0.680154   -0.23781296  0.52004993  0.94590558 -0.62674123
   0.55656937  0.2778695  -0.6509931   0.41611334 -0.22505504  1.03098081
  -0.65989918  0.73847517  0.17829619 -0.86379812 -0.60427296  0.27956919
  -0.70804735]
 [ 0.22841512  0.69824427  0.41083865 -0.46624151 -0.45857466  0.34512183
   0.67784666  0.70962481  0.47039606  0.88178672 -0.53567026 -0.1121235
  -0.84750193 -0.09713128 -0.82963421  0.5386523  -0.12180619 -0.32451904
  -0.36589541 -0.41662087  0.16824056 -0.18587179 -0.12261368 -0.56856593
  -0.84185084]]