100 25 10
[[ 0.15517512  0.28531139 -0.61253719 ..., -0.32757168  0.93697712
  -0.35446389]
 [-0.24124209  0.49802678 -0.0773857  ...,  0.54469699  0.5803254
   0.32643893]
 [ 0.4005037   0.94608377 -0.19123239 ..., -0.55372398  0.55685997
   0.55681077]
 ..., 
 [ 0.85957659 -0.60800506 -0.52647833 ...,  0.98792166 -0.90918398
  -0.74308552]
 [ 0.37522616 -0.26474922 -0.46891055 ...,  0.76754015 -0.64983367
   0.6943243 ]
 [-0.68375696 -0.83882704  0.78662087 ..., -0.03239178 -0.26695785
  -0.19474545]]
[[ 0.62922485  0.63594868  0.40875541  0.8508091  -0.89982716  0.87896083
   0.32102016  0.21463037  0.24348731 -0.79662803  0.41845048 -0.9564216
   0.11659598  0.44173923 -0.90916993 -0.88401968  0.6358284   0.38389674
   0.51483709  0.32984146 -0.06817122 -0.92803203  0.96089905  0.54048555
   0.32058162]
 [ 0.52608472 -0.16414999 -0.36479916  0.62312996 -0.30150262  0.5051006
  -0.0711841  -0.69558362  0.61436236  0.07731643 -0.25784996 -0.25589073
  -0.70841124  0.06505519 -0.58334689  0.53775297  0.35405068 -0.2997665
  -0.41438523  0.08947131 -0.56093913  0.27975231 -0.94673962 -0.98040781
   0.78833133]
 [-0.34649679 -0.54180074 -0.1334991  -0.1882231   0.68451405  0.12777313
  -0.14740479  0.75432512  0.99031165  0.98879115  0.1428875   0.25125904
  -0.80782429 -0.84449966 -0.06858004  0.65260577  0.66087484  0.28472049
  -0.13873072  0.72006351 -0.80586099  0.75149983  0.48835565  0.21597644
  -0.73022427]
 [-0.87851607  0.88570776 -0.79974165 -0.87295521  0.83499881  0.86710938
  -0.26457481 -0.73911534  0.6097921   0.17570097 -0.52766071  0.68569203
  -0.13770194  0.1385366  -0.25479447 -0.33207883  0.66447291 -0.14788203
   0.16127942 -0.29208682 -0.56581967 -0.59120909 -0.7390224  -0.77028975
   0.83387896]
 [-0.08580554 -0.50557914  0.09296468 -0.48412085  0.04588436  0.14645827
  -0.19317186 -0.57995168 -0.01281419  0.36297849 -0.80878084  0.5129438
  -0.04664637  0.9364833   0.60392528  0.56629211  0.6358927   0.12368089
  -0.093047    0.69790422  0.36723452  0.24088743  0.90539774  0.89218572
  -0.08665476]
 [ 0.11432486  0.05977776  0.86499535  0.22680948  0.42974735 -0.08877529
   0.74997113  0.45923646 -0.50140311 -0.9113086  -0.81810854 -0.48936428
   0.87450249 -0.14827221  0.74064621  0.68697205 -0.46629442  0.2378654
   0.65589434 -0.18776123  0.57452874 -0.78258583 -0.98120397  0.66654625
  -0.36667129]
 [ 0.61590788  0.99293203 -0.8338593   0.35442868  0.04749702 -0.59078612
   0.66899063 -0.4874854  -0.21224014 -0.25766241  0.7625032  -0.72761839
  -0.52249169  0.78470694  0.95575114  0.10217103  0.30251573  0.1053343
  -0.83242785  0.79684939 -0.13691714 -0.75902989  0.74541406  0.65577816
  -0.49332104]
 [ 0.6915     -0.72695896 -0.38658154 -0.40253807  0.22577884  0.30529832
   0.59376469 -0.77410708  0.53761914  0.98848161  0.82555165  0.27287929
  -0.53551803 -0.26574108 -0.70349621 -0.7116893  -0.83221977 -0.07347316
  -0.97110956  0.03848495 -0.42810367  0.17354286 -0.42503679  0.39911622
   0.24437674]
 [ 0.43506687  1.00192354 -0.27902859  0.76642434 -0.16110371 -0.5475832
   0.18421677 -0.33164975  0.69908843  0.73630192 -0.98970799 -0.0298738
  -0.00768418 -0.50393629 -0.73131993 -0.97391201  0.07800895 -0.43263568
   0.86625417 -0.72317547  0.07784301  0.92036727  0.11040528  0.17102112
  -0.2087103 ]
 [ 0.88404004  0.77797139 -0.93505856  0.57260842 -0.59578887 -1.00330916
  -0.46788574 -0.2451667   0.84037584  0.03456191 -0.30669473 -0.47938483
   0.22837941  0.10333375 -0.64837166 -0.37990207  0.88575469 -0.16875946
  -0.03923508  0.28644743  0.94541843 -0.86538561  0.67966458 -0.09859248
   0.18247471]]