100 25 10
[[ 0.19991352  0.18192842  0.58949642 ..., -0.14535737 -0.13097076
  -0.05453666]
 [-0.59639762 -0.61626693 -0.59050259 ..., -0.17497035 -0.40106854
   0.50107287]
 [ 0.91163561  0.6360225  -0.31559618 ...,  1.01109904 -0.40918691
   0.91155994]
 ..., 
 [ 0.56788113  0.25495903 -0.67922835 ..., -0.5410602   0.61766998
  -0.38259155]
 [-0.37318042  0.43421294 -0.97364547 ...,  0.50404192  0.64167898
   0.42340927]
 [ 0.89379532  0.30773261  0.75057263 ..., -0.5578876  -0.73306178
   0.90163781]]
[[ 0.70536779  0.63629994  0.48036221  0.12557551  0.1493628  -0.26627828
   0.09666125  0.9408452  -0.36358862  0.5055651  -0.39072666  0.80463504
   0.1766821   0.19650138  0.31898586  0.79788319 -0.20488495  0.33165898
  -0.30955447  0.3375985  -0.66456404 -0.92006119 -0.2549646   0.27771528
   0.98091958]
 [-0.54375795  0.90083381 -0.40565537 -0.46840389 -0.60139585  0.77936108
   0.30754524 -0.59420632  0.77034992  0.7877556  -0.10705227  0.73790715
  -0.56090845  0.06893825  0.58022677 -0.28452629  0.42650091  0.571866
   0.04736789 -0.95080415 -0.80496967  0.70865911  0.7540849  -0.15048723
   0.01201599]
 [ 0.92686469 -0.10978438 -0.78805758  0.69532923  0.87189859  0.03663254
  -0.24411292  0.69634106 -0.51311553  0.34695113 -0.19307529 -0.92865966
  -0.76848589  0.87151603  0.63626877  0.09333436  0.61087662 -0.25992564
   0.36714326 -0.87557604 -0.18895224 -0.79453141 -0.0750242   0.80403127
  -0.80805221]
 [-0.4199007  -0.20190617 -0.71729027 -0.95537601  0.62010484 -0.07794598
   0.01113411 -0.99998616 -0.9201866   0.5734061  -0.44999642  0.99226484
   0.71112928 -0.38487319  0.05798014  0.17772764  0.60162656  0.20187795
   0.97388732 -0.61063745 -0.39961694  0.31135819  0.49545611  0.33452042
  -0.60834714]
 [ 0.92253126 -0.59055027  0.23386251  0.36557445  0.4999748  -0.32832105
  -0.02240576  0.1260708  -0.68161718  0.70516469 -0.22495907 -0.83627541
   0.55316651 -0.4272962  -0.02319147  0.13900712 -0.27925199  0.03611864
  -0.05899652  0.62299335  0.69531161 -0.67899561  0.6466653  -0.37995148
  -0.80711103]
 [ 0.54574764 -0.22386979 -0.98581023  0.24085648  0.70082827  0.68335222
   0.12992542 -0.47043211  0.04804833  0.40334007 -0.25542034 -0.78380073
  -0.77172129  0.25523651  0.69057843 -0.44513221  0.16034635  0.67193577
  -0.34783097  0.49134838 -0.57876113 -0.82601961  0.1371574   0.09213122
  -0.40088231]
 [ 0.00357169  0.39963632  0.37709084  0.30618721 -0.55679729 -0.64406192
   0.52402034 -0.45687901  0.98484036  0.13160106 -0.28167407  0.26738311
  -0.28664477  0.79568523  0.73991109  0.13578298  0.54291082  0.43738573
   0.72457203 -0.69078111 -0.56745909  0.93830303 -0.83461684 -0.1493242
   0.87235009]
 [ 0.91185032 -0.86198843  0.58677186  0.24386619  0.40100908  0.47992977
  -0.05020903  0.65353464 -0.69689641  0.70692478 -0.99475644  0.35991005
  -0.10650391  0.61026201  0.02869181  0.96643646  0.61757752 -0.15170539
   0.49878455 -0.13407195  0.10696226  0.41001577 -0.54035703  0.67382247
  -0.42098198]
 [ 0.90307984  0.10202364 -0.4534943   0.56937252 -0.08232094 -0.42320267
  -0.63259218 -0.11702262 -0.64980402 -0.73328903 -0.54728423 -0.8179654
  -0.28447975 -0.4312428  -0.74982405  0.6929612   0.07242521  0.50745101
   0.35269032  0.78817285 -0.07930659  0.15872261  0.96146921  0.58819512
  -0.26959334]
 [ 0.05084034  0.67488696 -0.52957024  0.75546369  0.42708141  0.26544751
   0.38057126 -0.69389336 -0.13521101 -0.61294394 -0.95915917  0.95813531
  -0.62677534  0.15124584 -0.30032716 -0.80133228  0.5059582   0.98742026
  -0.2326839   0.75249211  0.09923656 -0.78729672 -0.72081454  0.36664951
  -0.08985107]]