100 25 9
[[ 0.79669026  0.54309517  0.10496733 ..., -0.06465634 -0.44518709
   0.07116197]
 [-0.41050967 -0.3305793  -0.25781107 ..., -0.09750404 -0.54048683
  -0.41747275]
 [-0.95968931  0.79645199 -0.18368328 ..., -0.50100456  0.44367749
   0.25038132]
 ..., 
 [ 0.10538642  0.53961263 -0.62861327 ...,  0.21868746 -0.95304852
  -0.71393416]
 [ 0.30435448  0.24185128 -0.32223666 ..., -0.78105745 -0.05892882
   0.41425418]
 [ 0.62983375  0.37643806 -0.69047045 ..., -0.82875607 -0.13703936
  -0.49571836]]
[[ 0.52839354 -0.45561691  0.82430434 -0.70233765  0.50990033  0.88989716
  -0.8273451  -0.05279983  0.06956819 -0.18011639  0.62535393 -0.69938124
  -0.82195953 -0.3911287   0.7385835  -0.36716689 -0.47491983  0.91809768
  -0.05424825 -0.12932525 -0.46141146 -0.69010308 -0.56008903  0.60435375
  -0.78235832]
 [-0.30275351  0.16211851 -0.67634057 -0.15891838  0.59233174 -0.72437541
   0.10871408  0.83082753 -0.80408309 -0.5372045  -0.14078721  0.66947595
  -0.50618809 -0.74990078 -0.18849532 -0.43698874 -0.42738299  0.62743111
   0.60597226  0.98532382 -0.590545    0.66478533  0.32300723  0.11047648
  -0.95415437]
 [-0.90810763 -0.37674476 -0.53930194  0.71452303 -0.31246721 -0.30656847
   0.29738509  0.60187981  0.63330945 -0.56131802 -0.40236585 -0.95395993
   0.05629807 -0.90126676  0.63596596  0.1209793  -0.88065556  0.26307883
   0.57948924 -0.25310818  0.321783   -0.28743568 -0.49179338 -0.74098603
  -0.91797655]
 [-0.17724493  0.0821624  -0.29263162 -0.27498369 -0.12780574  0.69031387
  -0.61262441  0.29229452 -0.70018552  0.2918701  -0.84172241 -0.66432456
  -1.00255271  0.0541727  -0.22049564  0.75646865  0.07829208 -0.30152233
   0.84650869 -0.15140903 -0.75693175  0.1522853   0.34472282  0.59180877
  -0.09039249]
 [ 0.68890602 -0.27332866 -0.9084309  -0.54705402 -0.55045276 -0.99092634
  -0.42055541 -0.75159191 -0.4455175   0.77870874 -0.07451163 -0.0203721
  -0.01944589  0.05580133 -0.23762858  0.02484303  0.05916635  0.02975047
  -0.34174311 -0.54960933 -0.60567122 -0.89268364  0.60567441 -0.63651559
  -0.54864177]
 [-0.28127074 -0.91732881 -0.3685089   0.37021041 -0.65382631 -0.42206347
   0.05919376 -0.34414061  0.07470649 -0.97596346  0.07115054  0.70760875
   0.54282984  0.59451981  0.18322662  0.86965748 -0.76637135  0.97623471
   0.00818143 -0.52130051  0.30447762  0.21088105  0.599004   -0.77978353
   0.29460811]
 [ 0.92261224 -0.40106946 -0.36027613  0.08351127 -0.41282671  0.63928152
  -0.19498974  0.01964996  0.38337714 -0.60180241  0.73182842  0.37125783
  -0.30433002 -0.10724523  0.24322296 -0.64812686  0.56062351 -0.34485065
   0.94549095 -0.52789126 -0.37753199  0.72027722 -0.81349131  0.28399311
  -0.60941448]
 [ 0.90538336  0.69102935 -0.36757943  0.37148692  0.71309154 -0.95945253
   0.94036113  0.23107726 -0.00850107 -0.42311228 -0.86946025 -0.01248881
  -0.9422864  -1.03433127 -0.35792283  0.99299482 -0.36555501  0.51599761
  -0.524161    0.65259241 -0.72584682 -0.64782658  0.49485997  0.07461781
   0.76266909]
 [ 0.39062278  0.77479711  0.63719283 -0.8237054  -0.80682125 -0.92610786
   0.10839063 -0.35780069  0.04522675  0.21290086  0.75418589 -1.00148166
   0.90151862  0.86557822 -0.78504422 -0.82321868 -0.06105707 -0.84830603
   0.09493995 -0.3272808   0.49900554 -0.94524852 -0.17498096  0.22261983
   0.19718681]]