100 25 10
[[-0.57371654  0.36198526 -0.37681103 ..., -0.82497984 -0.3532666
   0.56211263]
 [ 0.55496449 -0.81096417  0.47302203 ...,  0.58031656  0.47747267
   0.46825527]
 [-0.29297764 -0.93288644  0.19809    ..., -0.83194892 -0.41854894
   0.55708674]
 ..., 
 [ 0.89077803 -0.58256683  0.59663294 ...,  0.0119993   0.81540249
  -0.45327421]
 [ 0.77750587  0.55971498  0.03431418 ...,  0.50044712  0.32292824
  -0.13725063]
 [-0.39279319 -0.69522487  0.30637776 ..., -0.5425872  -0.66485537
  -0.48523838]]
[[-0.17782837 -0.30558063 -0.33420191  0.79375192 -0.36383557  0.56680541
  -0.77742788 -0.17682522  0.05424331  0.28202689  0.58378979 -0.87493267
   0.59933954 -0.68892093 -0.0568091   0.18530129 -0.63116383  0.92666775
   0.55264735  0.73991762 -1.00287799  0.8841058  -0.34965876 -0.78635623
  -0.7247947 ]
 [ 0.86986301 -0.25820902  0.41121564  0.75822547 -0.16702695  0.82981494
   0.43094888 -0.51896031 -0.03861045  0.97122775  0.26297115  0.98430228
  -0.56299912  0.77830194  0.22080377 -0.85601523  0.26384831 -0.61152265
  -0.08872984 -0.88493231 -0.63941158  0.49825923  0.05465423 -0.93355516
   0.56870372]
 [ 0.77672424  0.8107307   0.61803179 -0.46708254 -0.49065621  0.41680194
  -0.90221011 -0.70219942  0.73128154 -0.67349831  0.5671466   0.96141889
  -0.67052233  0.7944908   0.41249241 -0.73797985 -0.12227803  0.148561
  -0.44614509  0.95615793 -0.19171436  0.81429634  0.04312016 -0.42674452
   0.88886066]
 [ 0.50775343 -0.23274088  0.8442331  -0.12205908  0.63996179 -0.95523968
  -0.3749371   0.78557677  0.36067956 -0.58986225  0.9078768   0.22025461
   0.11754838  0.48544884  0.57175326 -0.14651589 -0.51828553 -0.00783534
   0.23872018  0.10873979 -0.37932927  0.96160683 -0.55668466 -0.22612565
   0.1152866 ]
 [ 0.71892626 -0.15950816  0.22022349 -0.30671723  0.14324775  0.89906755
   0.24791271  0.78744711 -0.11323224 -0.69165675  0.67360926  0.10692878
   0.01054584  0.10679979  0.85425956  0.00654695  0.83442796  0.72551546
   0.13045018  0.27170087  0.02205928  0.46566325  0.89856279 -0.2667533
  -0.68518974]
 [-0.27908556  0.81785132  0.34594876  0.12143775 -0.9596903   0.5098977
  -0.58614331 -0.89999722  0.80822844 -0.20570858  0.50316446  0.8046533
  -0.84541685 -0.559349   -0.07969287  0.24713354  0.46468861  0.23000195
  -0.89665866 -0.09441027  0.40168503 -0.06601449 -0.34911699  0.73233114
  -0.16641141]
 [ 0.91390933  0.39818073 -0.33290582  0.64672227  0.21398032  0.43070397
  -0.14561437 -0.01152596 -0.38107356  0.48178239  0.44617164 -0.33213815
  -0.801957    0.65984135  0.04722194 -0.85748561 -0.15435802 -0.17733816
   0.5390951  -0.78458233 -0.20762347  0.74082424 -0.51486452  0.90141122
   0.69521855]
 [ 0.27148007 -0.9083023  -0.00622962 -0.8686531   0.71457881  0.39329869
   0.8507397  -0.8844347   0.62731353 -0.45051985  0.0920201  -0.5555462
  -0.50446629  0.40941783 -0.37878396  0.78439944 -0.02644432 -0.61385444
  -0.52716769  0.00778481 -0.14006991 -0.53770266 -0.67752516 -0.85916429
   0.10584832]
 [-0.51732851 -0.49042529  0.16648639  0.93564407  0.0291771  -0.08327833
   0.54340582 -0.68544915 -0.01797     0.42388348 -0.13945912 -0.50523533
   0.06434179  0.37214894  0.71706052 -0.17306334 -0.05710585 -0.11248915
  -1.01124945  0.18636342 -0.51523765 -0.24794804 -0.45784538  0.60297759
   0.22457208]
 [-0.77959487 -0.81931722 -0.49198694 -0.74807763  0.40510601  0.24029912
  -0.78177487  0.17402988  0.69710613 -0.21483012  0.81373294 -0.46776917
   0.02753537  0.85131657 -0.98703652 -0.88012436 -0.23482989  0.50081333
   0.04249091  0.45272059 -0.43801612  0.05111136  0.0593571   0.39917641
   0.05177335]]