100 25 10
[[-0.57990988 -0.33998827 -0.2400888  ..., -0.21778032  0.92724327
  -0.80791304]
 [ 0.29070537  0.49436067 -0.64676068 ..., -0.16919105 -0.36829199
  -0.79130162]
 [ 0.89149393  0.82121408  0.82010899 ..., -0.64352456  0.55105571
   0.45622151]
 ..., 
 [ 0.05770138 -0.56410283  0.90247762 ...,  0.99085118  0.72406874
   0.0262276 ]
 [-0.92981791  0.48248948  0.81844254 ..., -0.86462634  0.12739167
   0.29200982]
 [ 0.16356511  0.11946452  0.61667736 ..., -0.13863035 -0.24861353
  -0.20028543]]
[[ 0.62871749 -0.49678957  0.18570901 -0.61557422  0.61121168 -0.19620985
   0.78278822  0.56063897  0.54194926 -0.94687026 -0.50137419 -0.53550352
  -0.38751397  0.83816058 -0.22612668 -0.75139951  0.25093692 -0.91383333
   0.48831523  0.46562767  0.83734755 -0.05989067 -0.29213762 -0.90895024
  -0.01542806]
 [-0.65186799 -0.39197279 -0.33289665  0.58992778 -0.29087737  0.17106989
   0.08028331 -0.61541282 -0.77854802  0.76543133  0.5147356   0.28678677
   0.97277518 -0.52497774 -0.87297472  0.02080894  0.33069558  0.11925344
   0.39094618  0.26717758 -0.88158092 -0.70781862 -0.92018783 -0.24835019
   0.60148752]
 [-0.03067902 -0.75566387  0.51915318 -0.6836163  -0.84766477  0.07731421
  -0.86695873 -0.48383989 -0.45906471 -0.11588657  0.13206987 -0.15692451
   0.46565481  0.2314117  -0.67512352  0.65238547  0.59959386  0.39449836
  -0.58149941  0.36064336 -0.19412004  0.80780192 -0.21199575  0.75238395
  -0.28651777]
 [ 0.95215043  0.84220354 -0.95939355  0.63083145  0.06864555  0.47291938
  -0.125161    0.07401583  0.63359236 -0.57349517  0.08992232  0.63302023
  -0.17836589  0.78148941 -0.29649384  0.16340915  0.46026402 -0.3369973
   0.57568032  0.04189935 -0.80630265  0.87656111 -0.58527608  0.30599235
  -0.75593549]
 [-0.0832631  -0.42825699  0.44292806 -0.68783237  0.08382182 -0.04584597
  -0.53880883  0.20486714 -0.37316091  0.36994037  0.41906556  0.09275797
  -0.75189831  0.30131718 -0.11806158 -0.92734255 -0.20463788  0.05378971
   0.02804318  0.60253174  0.90329202 -0.87471697  0.21588539 -0.6589959
   0.33634629]
 [ 0.14359068 -0.28064593 -0.01707239 -0.18012045  0.39292464 -0.27020801
   0.30780093 -0.88829612  0.84734351  0.54737021  0.85183836  0.68353029
   0.87578845  0.52911956  0.87893495  0.54844532 -0.602041    0.22364575
  -0.55712093  0.84281471  0.25805189 -0.78415658 -0.28135901 -0.53838293
  -0.30475296]
 [ 0.66891275 -0.33900977 -0.98857522 -0.98273001 -0.60230759 -0.05237212
   0.39009306 -0.37249626  0.81862645  0.39819696  0.2178379  -0.58796098
  -0.26328984  0.79518345  0.25453722 -0.91839971 -0.66018321  0.0548681
   0.57468001 -0.5035396   0.85075955 -0.2588495   0.2712025   0.07130083
  -0.51219875]
 [ 0.13987513 -0.69796286 -0.83940728 -0.93519865 -0.8110051   0.17538847
   0.66920809  0.46995271 -1.00025993  0.13395037 -0.41234839  0.60347501
  -0.79329429  0.31991541 -0.96259779 -0.2314314   0.3297273  -0.04028401
   0.87993097 -0.29147307  0.47830521 -0.1687171   0.45055459  0.79111656
   0.61548437]
 [-0.48892107 -0.07129193 -0.29005926 -0.23461258 -0.28225041 -0.56715957
   0.52825346 -0.78727904 -0.57372229 -0.32688051 -0.97425374 -0.10858809
   0.33888022 -0.89200679  0.74833956  0.67319741 -0.91467213  0.64035902
  -0.90358778 -0.62058455  0.28199136 -0.33193682  0.07649941 -0.57459691
   0.00786637]
 [ 0.90061103 -0.42224478 -0.98314687 -0.82160088 -0.57281049  0.60010666
  -0.80051002 -0.30462299  1.00149291 -0.67151893 -0.39133596 -0.47013213
   0.59915049  0.13757784 -0.84444865 -0.57814468 -0.08495341 -0.953284
  -0.58593165 -0.34280154  0.94384645 -0.53373703  0.05525326 -0.35782936
  -0.92153627]]