100 25 10
[[-1.00053901  1.01255268  0.23534375 ...,  0.13325626 -0.34127783
   0.42741829]
 [-0.09349081  0.71978336 -0.7991442  ..., -0.89568268 -0.9691857
  -0.03397782]
 [ 0.52955242 -0.95560745 -0.74221658 ..., -0.04307845 -0.13174228
  -0.76943201]
 ..., 
 [ 0.05618247 -0.50224612  0.07652861 ...,  0.18654411 -0.33313883
   0.35388235]
 [ 0.42299132 -0.67474455  0.66266018 ...,  0.53356227  0.2721258
  -0.05228663]
 [-0.55765734 -0.3155727   0.28248723 ...,  0.12497018  0.99565252
   0.67274072]]
[[-0.89459155  0.7385029  -0.5618527  -0.33455176  0.41153646 -0.26484095
  -0.40700942  0.93230344 -0.49690318  1.02727341  0.09785462  0.63962247
   0.0197025  -0.9088351  -0.46440282  0.76806316  0.17499096 -0.62942167
   0.48718538 -0.38951296 -0.18596369  0.44251763  0.96687975  0.80066046
  -0.7150996 ]
 [ 0.64965965 -0.08394082  0.15707832  0.81536465 -0.31689923  0.72391224
  -0.00825118 -0.13324799  0.17801007  0.17932727  0.7548236  -0.59715728
   0.76007094 -0.92123779  0.96105406  0.08504756 -0.87243446  0.03389261
   0.09056743  0.48904482  0.43353482  0.88271554 -0.95218869 -0.07258553
  -0.94146574]
 [ 0.23147769 -0.79372029 -0.40458154 -0.68731073 -0.58472145 -0.09816319
  -0.16876955  0.58883997  0.37837433 -0.0412975   0.67884337  0.98259074
   0.44091939  0.52683769  0.35328676 -0.98434171  0.96709573  0.83807068
  -0.73809207  0.96191667  0.26994466 -0.27928967  0.51337569  0.85942155
  -0.9239787 ]
 [ 0.86039908 -0.99165285 -0.5610668  -0.7957172   0.24658339  0.69930818
   0.27198787  0.4617686  -0.43985844  0.97778396  1.03854706 -0.12278906
  -0.93092169 -0.09221696 -0.03472818 -0.81683406 -0.450715   -0.20156959
  -0.15862162 -0.76954309 -0.30907237  0.97652559  0.57867945  0.96366897
  -0.37103631]
 [ 0.66070622  1.00096803 -0.04247591 -0.88148323  0.10888987 -0.74672674
  -0.19972622 -0.21603214 -0.12798268 -0.64968833  0.22177755  0.45213598
  -0.7881044   0.43865637  0.65824406  0.4240768   0.49708843  0.12386593
  -0.03793394 -0.72837579 -0.08021533 -0.32602962 -0.89489627  0.31025968
  -0.1621752 ]
 [-0.33567417  0.0407446  -0.64066725 -0.33596845  0.59395171  0.3087241
   0.35511047 -0.60988024 -0.50110904  0.64138262 -0.37426039  0.03005172
  -1.00867821  0.01161376 -0.82299153  0.78264801  0.81075991  0.93846253
  -0.59680186  0.27060554  0.51017799  0.76575117  0.16481245  0.2654052
  -0.77049203]
 [-0.34380272 -0.56484194 -0.18307712  0.3281571   0.05765974 -0.14406532
   0.36780475 -0.66071608  0.01969416  0.59656119 -0.147288   -0.65791242
  -0.10881717  0.34164926 -0.83116569 -0.42449891  0.49462276 -0.14863649
   0.271464    0.0721868   0.10239455 -0.54714368  0.19481338  0.90544857
   0.01255545]
 [-0.16997316 -0.00970164  0.04406832 -0.14958715  0.65519676 -0.80640971
  -0.42421912  0.75455473  0.79014635  0.56928824 -0.01574309 -0.61109531
   0.37824256  0.20053111  0.37344247 -0.60807011  0.85722106 -0.52431902
   1.01409626  0.46608624 -0.45436766  0.4777455   0.37784812 -0.48364389
  -0.12663684]
 [ 0.62534626  0.98286317 -0.02469239  0.48398614 -0.16533469  0.83228243
   0.28721003 -0.89180454  0.45440458  0.91524453 -0.57972497  0.06914607
  -0.97395976 -0.71060938  0.41591252 -0.21890505  0.20801788 -0.49502099
  -0.64794833 -0.86665729  0.7108337   0.94930699 -0.66323007  0.81017007
   0.50169375]
 [ 0.96063152  0.04645454 -0.76906501  0.47398931 -0.72828443 -0.44284668
  -0.22799917 -0.67793468 -0.54324743  0.55382618  1.0268151  -0.47826389
   0.48532636  0.08099513  0.39944211 -0.03203656  0.44388341 -0.31320369
   0.91411023  0.37309804  0.3305888   0.27268497 -0.20983039 -0.91888199
  -0.92497487]]