36 9 10
[[ 0.91669138 -0.30274389  0.41641751 -0.14309983  0.87687145  0.08301792
  -0.07951522 -0.59091121 -0.77135695  0.70636417 -0.79780699 -0.64951975
  -0.409953   -0.85766441 -0.86440731 -0.87058524 -0.47852789 -0.69342247
  -0.98165997 -0.88292023  0.06487087 -0.25863847 -0.67331852  0.37681317
  -0.86167432 -0.50766205  0.43136325  0.7975079  -0.65952782 -0.24750847
  -0.60344028  0.94373322 -0.44651509  0.85772988 -0.69435269 -0.72327102]
 [-0.07931101 -0.96246585  0.087345   -0.60758074 -0.16905538 -0.94977804
   0.85523781 -0.13398786 -0.53709346  0.6683701  -0.95402171  0.25288334
   0.67682806  0.8376699   0.40848302  0.17514085  0.03943222 -0.34279795
   0.20667384  0.13720937 -0.47155582  0.83609169  0.39903448 -0.20301442
  -0.51758868  0.39842201 -0.34980403  0.03074893  0.0827568   0.24097439
   0.45795437 -0.82095996  0.16066336  0.67862533  0.22290174 -0.64296174]
 [-0.91256145 -0.90738785  0.70687486  0.49434795 -0.97457234 -0.14276812
  -0.265751    0.31722597 -0.03452641 -0.02054241  0.94193524  0.70051865
   0.50615844 -0.05732712 -0.25102877 -0.45778264 -0.70151098  0.77690945
   0.47310801  0.85031445 -0.72198646  0.20297329 -0.08914203  0.69508337
  -0.15905213  0.45132623 -0.87408701 -0.353674    0.42732659  0.18010506
  -0.06045633 -0.36230245 -0.29893581  0.0176329  -0.70701183 -0.16666906]
 [ 0.38899097  0.74532011 -0.83718202  0.40885434  0.07340074 -0.39693647
   0.98374154  0.9023026  -0.8275909  -0.01285253 -0.37852736  0.26573879
  -0.54884708  0.68195619 -0.97032647  0.97660512 -0.29444746  0.1617594
  -0.23022072  0.98883676 -0.99378828 -0.32675284 -0.26791327 -0.70098942
   0.72409665 -0.53651195  0.72379769 -0.92473707  0.99342223  0.52076159
   0.21162696 -0.19351591  0.54893583 -0.86688433  0.94483176 -0.82075937]
 [-0.95369034 -0.74458603  0.29038154  0.71213066  0.08649974  0.63539051
   0.63923362 -0.20849178  0.99244845 -0.53453433  0.64915538  0.71445279
   0.6940266  -0.41657529 -0.44375335  0.4210739   0.22013906 -0.78269513
   0.6022274   0.46750815 -0.11144615 -0.7562136   0.9900082   0.5911701
  -0.71201772 -0.63872126 -0.41921174  0.10849968 -0.77395474 -0.28322159
  -0.30440243 -0.65776074  0.35512191 -0.46591959  0.12080459  0.2861545 ]
 [-0.01646252  0.02750866 -0.39718689 -0.63530413  0.94816092 -0.93042761
  -0.57363865  0.80971764 -0.32153428 -0.18447518 -0.1435169   0.15395414
  -0.18394536  0.50087747 -0.62418629  0.09143649 -0.83182535  0.5703564
  -0.7706517  -0.41552648  0.32209685  0.55350344  0.5249873   0.44870532
   0.34852125  0.77145238 -0.82114028 -0.82242454  0.70531545 -0.01360427
  -0.44831578  0.01334615 -0.33968734 -0.26061749 -0.42664354  0.66459445]
 [ 0.78225499 -0.64813869  0.64477903 -0.7292894   0.44884475 -0.85843587
  -0.80838824  0.93784203  0.05187317 -0.02632955  1.01412059  0.41649553
   0.02024484 -0.11498918 -0.98353955  0.95081935  0.58817021 -0.7197735
  -0.52207877 -0.15402605 -0.40992513 -0.68859769 -0.07221103  0.91935025
  -0.13497646  0.21372757  0.90915759 -0.66863692  0.20280855 -0.37025243
   0.14340641 -0.12643537  0.32699027  0.35433306  0.80084536 -0.92294703]
 [-0.2673971  -0.69567597  0.48836388  0.89044529  0.27152111 -0.18678567
  -0.77618738 -0.5243442  -0.26968256 -0.64921587 -0.31601096 -1.00717146
  -0.82763727  0.41427481  0.79027459  0.5854664  -0.27796912  0.30668196
   0.4151439  -0.56157273 -0.6559711  -0.1771677   0.35230251  0.85834508
   0.78623597 -0.84936961  0.51752329 -0.20437049 -0.32260447  0.58185597
  -0.89403443 -0.61489561 -0.47064019 -0.81655024  0.95184075 -0.6249148 ]
 [-0.1295769   0.8281365  -0.40989589  0.23243659 -0.65346978  0.20721396
   0.21375083  0.40042043 -0.10820955  0.76710078 -0.13996922 -0.44685912
   0.52164917  0.71983148 -0.43679006 -0.22242445  0.86471118 -0.53509681
   0.50918627  0.01672376  0.60604066 -0.09648784  0.19624958  0.13808322
   0.63729096  0.93245144 -0.49551471  0.63398643  0.34120369 -0.25388536
   0.85242431 -0.14319356  0.44657195 -1.00551334  0.12550077  0.33835832]]
[[ 0.85549484 -0.78676341 -0.38488065 -0.9928731  -0.97409188  0.05714831
  -0.20613896 -0.21264563 -0.64154833]
 [-0.28282547  0.8999935   0.7899608  -0.61512523 -0.82105402  0.01578886
  -0.40470851 -0.96838172 -0.10214052]
 [-0.15097598  0.65929864  0.7388159  -0.41005817 -0.86934775 -0.80155374
   0.13644322  0.30105925  0.04759382]
 [-0.35332538 -0.41754665 -0.27985726 -0.93782351  0.75585569  0.28330915
   0.13442188 -0.55807212 -0.14742226]
 [-0.50167037  0.09513101 -0.93783478  0.8637099   0.64921629  0.81844925
   0.55596414  0.53126603  0.35436569]
 [ 0.73408867  0.00375178 -0.52295587 -0.70209855  0.49762651  0.84517077
   0.1297606   0.98984066 -0.63267054]
 [ 0.92140174 -0.32905291 -0.43007491  0.65808898 -0.0979053   0.80383108
  -0.85137868 -0.02540838 -1.00691316]
 [-0.27185162  0.95224818  0.80758923  0.4258952   0.50477059  0.69039737
   0.19135338  0.79860546  0.0819137 ]
 [ 0.71398335  0.93902417  0.94790253 -0.8996218  -0.39351034  0.08395869
   0.93899941  0.80685326 -0.18270351]
 [-0.06631778  0.45717042  0.54348674  0.77503943 -0.52147516  0.55377981
  -0.82954645 -0.04183866 -0.21753055]]