average error,percent correct
2.543390,0.000000
2.476745,0.600000
2.497347,0.400000
2.493462,0.000000
2.442210,0.000000
2.397593,0.000000
2.354104,0.000000
2.288450,0.000000
2.237380,0.400000
2.254268,0.000000
2.179129,0.333333
2.141828,0.222222
2.103874,0.222222
2.046358,0.111111
1.983013,0.222222
1.961759,0.000000
1.915266,0.111111
1.882453,0.111111
1.820658,0.333333
1.810503,0.222222
1.716842,0.384615
1.669460,0.230769
1.642551,0.153846
1.586319,0.153846
1.552356,0.461538
1.520826,0.230769
1.482839,0.230769
1.440305,0.250000
1.411977,0.333333
1.405348,0.333333
1.368007,0.312500
1.351628,0.312500
1.315129,0.375000
1.339626,0.187500
1.292321,0.250000
1.275618,0.187500
1.235124,0.312500
1.237108,0.250000
1.241075,0.187500
1.229657,0.125000
1.216515,0.100000
1.195015,0.100000
1.171537,0.100000
1.154204,0.100000
1.133496,0.050000
1.117185,0.100000
1.099555,0.250000
1.120048,0.050000
1.086486,0.100000
1.059630,0.200000
1.064448,0.181818
1.058950,0.045455
1.029039,0.181818
1.040154,0.045455
1.019352,0.181818
1.037507,0.090909
1.022847,0.238095
0.999638,0.200000
1.012187,0.100000
0.999589,0.300000
0.988738,0.190476
0.981340,0.333333
1.001545,0.095238
0.969794,0.333333
1.005537,0.050000
0.995577,0.105263
0.974380,0.263158
0.987948,0.052632
0.973819,0.157895
0.957881,0.263158
0.954211,0.260870
0.963937,0.130435
0.960352,0.130435
0.954045,0.217391
0.941021,0.285714
0.965420,0.095238
0.966128,0.047619
0.943509,0.238095
0.959803,0.095238
0.959096,0.047619
0.956497,0.000000
0.937392,0.153846
0.943030,0.076923
0.933346,0.120000
0.934396,0.160000
0.928542,0.160000
0.932213,0.160000
0.931420,0.160000
0.935367,0.160000
0.927566,0.120000
0.929329,0.074074
0.933004,0.038462
0.927583,0.115385
0.921496,0.080000
0.928661,0.080000
0.923401,0.080000
0.911255,0.160000
0.923739,0.120000
0.915661,0.291667
0.919638,0.125000
0.919494,0.076923
0.914339,0.192308
0.910905,0.208333
0.903083,0.250000
0.908307,0.208333
0.913235,0.130435
0.902267,0.217391
0.907578,0.095238
0.912407,0.047619
0.914564,0.047619
0.907716,0.040000
0.906027,0.080000
0.895476,0.208333
0.900337,0.208333
0.899468,0.173913
0.909146,0.090909
0.909680,0.095238
0.904132,0.150000
0.909724,0.150000
0.908171,0.150000
0.905966,0.083333
0.911398,0.041667
0.905065,0.125000
0.914785,0.041667
0.902775,0.130435
0.906925,0.090909
0.899144,0.318182
0.906985,0.181818
0.895165,0.181818
0.903493,0.136364
0.897646,0.083333
0.905059,0.083333
0.904793,0.125000
0.904048,0.125000
0.901019,0.208333
0.908623,0.125000
0.892048,0.333333
0.895565,0.208333
0.901581,0.166667
0.900819,0.125000
0.901172,0.166667
0.899873,0.125000
0.903881,0.166667
0.893131,0.166667
0.902082,0.083333
0.903691,0.125000
0.892790,0.217391
0.888427,0.217391
0.893173,0.217391
0.900693,0.130435
0.898568,0.038462
0.892783,0.160000
0.908395,0.080000
0.899466,0.160000
0.892618,0.080000
0.895016,0.160000
0.891793,0.125000
0.893052,0.083333
0.894321,0.166667
0.894028,0.166667
0.893015,0.285714
0.896257,0.192308
0.902824,0.115385
0.890803,0.153846
0.890626,0.115385
0.897030,0.120000
0.894968,0.080000
0.891916,0.280000
0.889551,0.160000
0.891145,0.120000
0.888495,0.233333
0.895198,0.133333
0.895457,0.166667
0.888991,0.206897
0.892262,0.137931
0.888750,0.214286
0.878816,0.259259
0.883929,0.222222
0.883769,0.185185
0.886292,0.230769
0.886888,0.166667
0.894964,0.066667
0.892903,0.133333
0.890382,0.133333
0.876308,0.137931
0.889595,0.137931
0.887912,0.103448
0.885470,0.206897
0.895101,0.214286
0.892578,0.214286
0.895531,0.121212
0.884370,0.093750
0.885873,0.031250
0.888576,0.129032
0.888674,0.161290
0.894775,0.129032
0.895483,0.193548
0.883319,0.193548
0.884484,0.129032
0.909488,0.096774
0.898004,0.125000
0.892188,0.156250
0.891327,0.187500
0.881360,0.187500
0.894630,0.093750
0.888260,0.218750
0.890294,0.156250
0.886682,0.156250
0.890712,0.187500
0.885286,0.218750
0.888038,0.228571
0.886791,0.228571
0.879914,0.228571
0.892298,0.114286
0.882404,0.200000
0.878609,0.257143
0.893177,0.171429
0.891077,0.142857
0.889254,0.151515
0.888294,0.156250
0.887396,0.142857
0.898676,0.085714
0.885193,0.171429
0.897402,0.114286
0.891366,0.117647
0.899103,0.117647
0.899831,0.117647
0.891859,0.156250
0.893669,0.062500
0.890364,0.156250
0.897114,0.055556
0.892726,0.083333
0.898335,0.000000
0.895283,0.117647
0.896606,0.117647
0.895946,0.029412
0.892064,0.090909
0.901387,0.031250
0.891701,0.156250
0.895979,0.093750
0.895202,0.028571
0.899128,0.085714
0.894932,0.029412
0.894549,0.058824
0.891486,0.088235
0.887636,0.090909
0.897021,0.093750
0.888088,0.064516
0.887717,0.064516
0.885763,0.100000
0.892679,0.066667
0.888296,0.137931
0.887013,0.275862
0.891941,0.275862
0.887627,0.275862
0.885955,0.241379
0.884102,0.206897
0.877775,0.206897
0.883135,0.172414
0.891360,0.178571
0.885787,0.178571
0.884762,0.222222
0.892950,0.115385
0.885881,0.153846
0.886974,0.192308
0.889425,0.230769
0.890016,0.153846
0.892683,0.115385
0.889538,0.115385
0.884132,0.192308
0.877914,0.259259
0.885760,0.148148
0.886794,0.148148
0.893141,0.185185
0.888711,0.153846
0.897644,0.076923
0.883427,0.230769
0.891093,0.076923
0.879621,0.076923
0.882585,0.076923
0.885671,0.142857
0.891536,0.142857
0.879567,0.071429
0.879179,0.259259
0.889706,0.125000
0.889354,0.083333
0.882835,0.217391
0.885204,0.130435
0.884037,0.190476
0.878329,0.190476
0.882752,0.217391
0.889180,0.181818
0.887770,0.181818
0.897400,0.047619
0.899138,0.095238
0.889177,0.190476
0.900127,0.047619
0.892464,0.190476
0.888693,0.190476
0.884676,0.238095
0.898089,0.080000
0.892464,0.160000
0.893408,0.120000
0.888977,0.200000
0.890876,0.160000
0.895336,0.080000
0.897140,0.080000
0.892860,0.120000
0.882937,0.166667
0.886100,0.291667
0.892258,0.192308
0.893253,0.153846
0.891004,0.230769
0.889494,0.153846
0.899210,0.076923
0.902272,0.040000
0.895761,0.080000
0.889631,0.160000
0.890261,0.200000
0.885279,0.160000
0.895948,0.107143
0.888329,0.142857
0.892011,0.148148
0.895210,0.111111
0.896741,0.111111
0.887507,0.222222
0.892553,0.111111
0.897435,0.111111
0.882066,0.230769
0.889622,0.153846
0.879522,0.206897
0.883493,0.172414
0.887872,0.142857
0.884184,0.178571
0.883759,0.214286
0.889067,0.107143
0.884596,0.178571
0.884567,0.214286
0.881419,0.250000
0.884367,0.142857
0.893615,0.034483
0.889975,0.103448
0.891164,0.034483
0.894150,0.000000
0.886680,0.071429
0.886886,0.071429
0.887650,0.148148
0.887091,0.115385
0.883397,0.115385
0.886544,0.038462
0.883624,0.285714
0.890845,0.153846
0.893392,0.153846
0.892861,0.080000
0.901018,0.040000
0.873442,0.240000
0.896581,0.080000
0.883341,0.240000
0.883584,0.125000
0.888976,0.166667
0.894753,0.111111
0.899425,0.074074
0.888860,0.153846
0.892331,0.115385
0.888988,0.076923
0.899353,0.040000
0.892844,0.041667
0.888104,0.083333
0.892013,0.125000
0.881017,0.125000
0.893766,0.185185
0.889092,0.185185
0.887106,0.185185
0.894868,0.111111
0.892347,0.074074
0.887126,0.185185
0.890860,0.037037
0.887122,0.185185
0.897452,0.000000
0.884756,0.074074
0.881464,0.366667
0.889818,0.133333
0.883384,0.233333
0.886961,0.233333
0.886140,0.166667
0.888256,0.166667
0.880403,0.166667
0.884187,0.172414
0.888360,0.142857
0.880781,0.142857
0.889799,0.185185
0.893954,0.192308
0.891246,0.076923
0.896838,0.038462
0.889902,0.038462
0.902156,0.076923
0.883729,0.200000
0.882717,0.120000
0.886626,0.160000
0.887400,0.160000
0.878089,0.142857
0.878708,0.230769
0.891376,0.076923
0.885823,0.038462
0.881805,0.115385
0.890677,0.115385
0.893881,0.076923
0.889763,0.153846
0.890391,0.192308
0.888129,0.230769
0.888395,0.166667
0.888994,0.133333
0.882532,0.166667
0.884436,0.137931
0.887313,0.103448
0.879824,0.142857
0.876606,0.214286
0.878810,0.142857
0.868954,0.142857
0.868580,0.178571
0.885870,0.093750
0.882421,0.062500
0.877127,0.225806
0.869764,0.387097
0.871054,0.290323
0.877890,0.172414
0.868647,0.344828
0.884646,0.137931
0.874689,0.222222
0.876252,0.160000
0.851585,0.461538
0.861307,0.307692
0.840987,0.520000
0.837590,0.520000
0.840683,0.440000
0.843867,0.440000
0.848784,0.360000
0.854666,0.360000
0.850473,0.291667
0.879186,0.217391
0.881774,0.208333
0.852827,0.333333
0.872379,0.260870
0.836015,0.434783
0.854236,0.363636
0.879198,0.150000
0.892423,0.150000
0.852329,0.300000
0.876164,0.157895
0.892820,0.105263
0.886397,0.100000
0.884855,0.150000
0.904307,0.050000
0.884340,0.150000
0.899304,0.050000
0.891202,0.050000
0.902701,0.050000
0.896627,0.000000
0.891042,0.100000
0.874118,0.150000
0.875722,0.181818
0.887292,0.090909
0.878063,0.045455
0.888379,0.047619
0.888529,0.100000
0.880366,0.100000
0.871993,0.100000
0.864102,0.050000
0.888530,0.000000
0.887305,0.100000
0.903375,0.041667
0.888127,0.086957
0.902195,0.000000
0.879479,0.086957
0.871831,0.086957
0.891301,0.086957
0.893735,0.086957
0.904197,0.086957
0.896729,0.136364
0.900341,0.136364
0.884548,0.291667
0.895330,0.083333
0.873343,0.291667
0.887945,0.083333
0.880895,0.125000
0.893844,0.083333
0.898371,0.125000
0.871969,0.125000
0.872055,0.208333
0.882451,0.130435
0.877723,0.166667
0.896658,0.130435
0.879711,0.217391
0.872839,0.347826
0.866973,0.304348
0.879818,0.238095
0.850359,0.380952
0.858233,0.380952
0.851625,0.428571
0.828125,0.523810
0.879438,0.120000
0.884615,0.120000
0.873215,0.166667
0.878403,0.208333
0.892163,0.125000
0.897968,0.173913
0.874778,0.181818
0.880618,0.090909
0.875484,0.181818
0.853987,0.285714
0.874652,0.291667
0.882582,0.136364
0.890846,0.136364
0.903459,0.142857
0.901036,0.050000
0.906007,0.100000
0.892755,0.052632
0.910237,0.000000
0.900125,0.117647
0.919195,0.000000
0.903941,0.052632
0.898107,0.000000
0.906743,0.000000
0.884886,0.000000
0.900014,0.062500
0.901568,0.000000
0.895510,0.062500
0.892915,0.125000
0.902603,0.062500
0.895679,0.125000
0.892967,0.222222
0.908815,0.055556
0.910013,0.000000
0.911926,0.000000
0.906213,0.000000
0.913490,0.058824
0.902895,0.058824
0.896308,0.058824
0.905747,0.062500
0.894957,0.062500
0.902763,0.105263
0.891988,0.210526
0.907371,0.277778
0.907429,0.055556
0.898057,0.111111
0.897443,0.166667
0.893284,0.055556
0.897095,0.055556
0.899328,0.055556
0.885080,0.166667
0.901008,0.105263
0.894835,0.000000
0.904662,0.000000
0.903818,0.000000
0.894934,0.055556
0.913423,0.000000
0.895101,0.055556
0.898092,0.055556
0.891978,0.055556
0.883803,0.166667
0.882907,0.250000
0.899310,0.200000
0.898310,0.100000
0.898516,0.150000
0.888151,0.200000
0.896534,0.150000
0.892738,0.250000
0.904434,0.100000
0.888357,0.200000
0.899085,0.100000
0.873051,0.391304
0.874362,0.550000
0.871249,0.400000
0.891662,0.300000
0.879325,0.300000
0.881964,0.300000
0.887178,0.277778
0.870091,0.312500
0.873222,0.312500
0.889684,0.187500
0.873615,0.368421
0.849418,0.526316
0.905235,0.105263
0.887269,0.176471
0.898233,0.058824
0.881341,0.235294
0.881516,0.176471
0.891466,0.058824
0.872711,0.235294
0.872159,0.250000
0.896579,0.166667
0.903296,0.055556
0.912108,0.055556
0.903657,0.055556
0.895898,0.111111
0.893743,0.111111
0.893400,0.176471
0.890844,0.176471
0.909053,0.000000
0.880268,0.250000
0.869918,0.277778
0.885918,0.166667
0.860018,0.388889
0.875500,0.277778
0.890402,0.111111
0.896133,0.111111
0.885409,0.222222
0.897842,0.058824
0.896707,0.058824
0.895515,0.000000
0.884232,0.166667
0.869822,0.333333
0.894327,0.187500
0.861743,0.375000
0.876752,0.250000
0.882871,0.187500
0.900727,0.083333
0.899531,0.000000
0.890941,0.090909
0.893808,0.090909
0.891395,0.125000
0.889350,0.062500
0.894998,0.125000
0.879329,0.187500
0.886288,0.200000
0.887272,0.066667
0.876784,0.200000
0.899190,0.000000
0.891106,0.133333
0.899836,0.000000
0.898256,0.111111
0.896398,0.117647
0.901042,0.058824
0.891748,0.058824
0.896206,0.062500
0.887178,0.125000
0.889411,0.125000
0.880348,0.133333
0.886613,0.066667
0.895888,0.000000
0.890219,0.052632
0.894301,0.052632
0.888309,0.052632
0.877883,0.166667
0.898341,0.000000
0.885228,0.111111
0.895587,0.058824
0.897112,0.062500
0.889094,0.125000
0.885197,0.200000
0.882065,0.210526
0.891837,0.105263
0.897192,0.117647
0.900194,0.058824
0.913030,0.000000
0.888509,0.000000
0.904814,0.066667
0.893855,0.000000
0.891404,0.142857
0.888954,0.230769
0.896297,0.083333
0.891671,0.000000
0.900453,0.000000
0.897213,0.000000
0.908559,0.000000
0.894561,0.083333
0.888616,0.083333
0.886501,0.083333
0.877663,0.272727
0.885869,0.090909
0.895242,0.066667
0.874487,0.142857
0.894054,0.142857
0.897530,0.142857
0.897487,0.000000
0.887548,0.142857
0.895078,0.000000
0.892204,0.142857
0.903761,0.071429
0.894827,0.071429
0.895214,0.117647
0.894600,0.000000
0.892181,0.117647
0.888730,0.000000
0.883845,0.375000
0.881890,0.187500
0.885131,0.333333
0.886463,0.200000
0.887556,0.000000
0.866415,0.466667
0.882160,0.125000
0.892097,0.066667
0.891640,0.071429
0.893489,0.076923
0.902517,0.076923
0.891677,0.166667
0.889910,0.083333
0.895168,0.083333
0.885308,0.166667
0.878480,0.200000
0.884214,0.230769
0.877019,0.230769
0.886820,0.000000
0.888110,0.000000
0.885251,0.100000
0.880241,0.200000
0.888816,0.111111
0.889391,0.000000
0.883256,0.250000
0.888257,0.000000
0.885645,0.272727
0.902515,0.090909
0.887987,0.090909
0.879840,0.181818
0.883183,0.300000
0.883653,0.375000
0.897885,0.125000
0.883317,0.250000
0.894761,0.125000
0.891426,0.125000
0.877274,0.300000
0.868365,0.100000
0.886473,0.100000
0.872914,0.200000
0.881994,0.200000
0.870720,0.300000
0.895256,0.100000
0.871741,0.400000
0.885387,0.222222
0.884363,0.111111
0.884391,0.153846
0.890508,0.153846
0.874934,0.230769
0.878572,0.166667
0.864983,0.363636
0.886497,0.272727
0.890422,0.090909
0.885567,0.090909
0.883469,0.090909
0.889799,0.090909
0.894861,0.076923
0.892494,0.076923
0.875879,0.166667
0.879321,0.333333
0.879743,0.166667
0.895134,0.181818
0.871745,0.363636
0.870048,0.300000
0.878565,0.200000
0.865560,0.400000
0.874563,0.250000
0.877874,0.000000
0.885543,0.090909
0.900891,0.272727
0.896529,0.181818
0.900043,0.100000
0.903007,0.100000
0.900715,0.000000
0.888218,0.222222
0.894338,0.111111
0.884268,0.333333
0.909890,0.166667
0.910979,0.083333
0.917145,0.000000
0.906206,0.000000
0.890729,0.181818
0.899254,0.200000
0.895742,0.000000
0.887450,0.000000
0.892393,0.000000
0.884049,0.181818
0.876260,0.000000
0.889682,0.000000
0.893654,0.000000
0.885529,0.090909
0.889019,0.000000
0.906876,0.000000
0.895043,0.090909
0.904359,0.090909
0.880121,0.090909
0.867705,0.230769
0.894493,0.166667
0.889698,0.083333
0.911410,0.090909
0.880244,0.272727
0.878427,0.300000
0.883614,0.100000
0.905232,0.111111
0.899863,0.000000
0.887326,0.222222
0.905755,0.090909
0.895629,0.181818
0.900334,0.181818
0.890217,0.181818
0.882581,0.272727
0.880222,0.181818
0.879817,0.300000
0.896159,0.111111
0.899614,0.111111
0.890892,0.000000
0.875109,0.307692
0.887220,0.153846
0.891299,0.153846
0.891949,0.000000
0.889499,0.083333
0.904605,0.000000
0.878182,0.333333
0.894850,0.166667
0.891710,0.083333
0.899488,0.000000
0.873732,0.200000
0.894175,0.066667
0.887993,0.133333
0.881396,0.133333
0.874505,0.266667
0.892568,0.071429
0.878810,0.230769
0.876588,0.181818
0.889827,0.090909
0.878345,0.090909
0.891223,0.181818
0.873081,0.363636
0.894911,0.200000
0.875121,0.200000
0.888306,0.000000
0.879312,0.222222
0.897226,0.000000
0.875778,0.333333
0.886054,0.111111
0.897693,0.000000
0.887501,0.000000
0.900181,0.090909
0.887049,0.100000
0.894381,0.125000
0.889004,0.285714
0.902264,0.000000
0.903817,0.000000
0.888558,0.333333
0.873595,0.166667
0.873148,0.500000
0.865559,0.250000
0.874015,0.250000
0.890096,0.125000
0.884001,0.000000
0.882311,0.250000
0.898909,0.000000
0.860593,0.375000
0.901252,0.000000
0.868372,0.125000
0.895370,0.000000
0.889332,0.000000
0.896535,0.090909
0.898803,0.181818
0.903414,0.090909
0.895318,0.100000
0.911948,0.000000
0.910330,0.000000
0.891212,0.222222
0.897424,0.111111
0.883973,0.111111
0.873236,0.181818
0.899661,0.090909
0.885619,0.181818
0.888955,0.090909
0.896512,0.272727
0.887269,0.300000
0.899190,0.100000
0.882680,0.200000
0.890214,0.200000
0.880888,0.333333
0.886486,0.090909
0.892009,0.090909
0.901342,0.090909
0.901262,0.000000
0.881900,0.181818
0.886006,0.181818
0.911904,0.000000
0.885025,0.300000
0.897233,0.000000
0.898696,0.100000
0.887586,0.214286
0.876870,0.230769
0.899303,0.076923
0.884133,0.153846
0.892864,0.153846
0.891131,0.076923
0.893999,0.076923
0.873384,0.333333
0.894250,0.166667
0.873738,0.272727
0.896467,0.133333
0.903386,0.000000
0.892552,0.200000
0.896607,0.000000
0.881688,0.266667
0.880912,0.400000
0.894432,0.133333
0.895071,0.133333
0.899013,0.142857
0.892046,0.071429
0.891680,0.200000
0.885675,0.133333
0.902841,0.066667
0.891032,0.142857
0.886535,0.214286
0.890191,0.076923
0.889831,0.230769
0.895195,0.076923
0.886604,0.230769
0.885975,0.166667
0.895665,0.133333
0.888337,0.133333
0.886621,0.200000
0.883817,0.200000
0.877076,0.285714
0.888871,0.076923
0.891047,0.166667
0.885741,0.250000
0.888942,0.166667
0.897768,0.083333
0.885712,0.200000
0.896443,0.066667
0.892411,0.066667
0.894960,0.200000
0.896504,0.066667
0.895213,0.071429
0.888384,0.142857
0.889666,0.142857
0.878323,0.285714
0.889600,0.142857
0.876636,0.333333
0.884816,0.222222
0.880474,0.333333
0.874451,0.333333
0.880331,0.250000
0.878309,0.250000
0.884442,0.187500
0.879999,0.250000
0.879754,0.187500
0.878761,0.250000
0.870767,0.350000
0.873801,0.315789
0.888969,0.157895
0.886917,0.157895
0.889313,0.117647
0.892615,0.117647
0.895381,0.062500
0.885493,0.187500
0.875866,0.266667
0.859769,0.400000
0.881136,0.176471
0.883364,0.176471
0.895805,0.058824
0.894821,0.058824
0.881178,0.176471
0.881419,0.176471
0.863683,0.352941
0.855730,0.411765
0.870427,0.294118
0.851516,0.411765
0.863519,0.315789
0.868440,0.263158
0.877114,0.210526
0.871416,0.263158
0.884457,0.157895
0.884239,0.157895
0.878513,0.210526
0.861267,0.333333
0.860203,0.312500
0.890614,0.062500
0.865395,0.300000
0.875928,0.200000
0.875672,0.200000
0.872797,0.200000
0.879173,0.210526
0.886362,0.105263
0.906873,0.052632
0.880667,0.166667
0.866443,0.277778
0.888974,0.111111
0.892510,0.190476
0.863845,0.350000
0.894458,0.100000
0.899195,0.050000
0.902082,0.100000
0.887090,0.200000
0.881791,0.157895
0.883575,0.157895
0.867452,0.315789
0.891724,0.157895
0.885001,0.190476
0.895634,0.142857
0.894919,0.100000
0.890626,0.150000
0.911039,0.000000
0.900407,0.050000
0.905170,0.050000
0.893805,0.050000
[26, 18] - seed: None-0
