36 9 10
[[-0.73164298  0.52232877  0.16578348 -0.76622896  0.61728009  0.7930074
  -0.88071898 -0.23660902 -0.47619509 -0.90496824 -0.83568183  0.81872575
  -0.18892152 -0.92520813  0.69927566 -0.6945765  -0.83130353 -0.5551358
   0.09319424 -0.78226818 -0.69836485 -0.47034686  0.14941118 -0.30037273
   0.14840393  0.8423004  -0.89742092  0.85174279 -0.24881179  0.02905546
  -0.10972143  0.29696562 -0.05393698 -0.31656456  0.4279739   0.46188659]
 [-0.14465224 -0.72023446  0.65306394  0.26735847 -0.81027528  0.74451407
  -0.59893598  0.67631507 -0.61004004 -0.77225804 -0.71190646 -0.07751445
   0.29073811 -0.97431929 -0.40764269  0.37130253  0.19958855  0.96386243
   0.95794291 -0.74378155  0.52640676 -0.30845099 -0.05878508 -0.55774696
   0.04875327  0.22395443  0.50740233 -0.66960068 -0.77832383 -0.91424632
   0.28962523 -0.18256619 -0.45695904  0.42405866 -0.93629714 -0.21123753]
 [-0.46210682 -0.05666947  0.51368855 -0.29928785  0.60805385 -0.36243262
  -0.43631798  0.23478059 -0.19557539 -0.86001354  0.52343884 -0.53081384
  -0.30479626 -0.34967982  0.38485766 -0.74730926  0.81626142  0.47958696
  -0.09053203 -0.13047519 -0.54686041  0.96996389  0.0518054   0.30531012
  -0.77179428 -0.33416088 -0.86448078 -0.63360551  0.8702566  -0.04699984
   0.52872585  0.61191917  0.7597964  -0.5650833   0.40586641  0.57139933]
 [ 0.06087023 -0.21560697 -0.9084083   0.44472367  0.6419578  -0.76819572
   0.51371819  0.75578606  0.6315369  -0.88266216  0.68157215  0.58699038
   0.71253404 -0.77721613  0.44040902  0.1905453   0.77741801  0.40922419
   0.85496181 -0.57106486  0.09404862  0.30213105 -0.74154696 -0.96408866
  -0.13600234 -0.02513236  0.64921783 -0.03090052 -0.49148915 -0.98389749
  -0.0125163   0.7600099   0.1980936   0.14765046 -0.12831746 -0.87241553]
 [-0.35776523  0.62462888  0.887242    0.95011315  0.21732809  0.22010222
  -0.88529115 -0.70513418  0.12705717 -0.65298965  0.7179965  -0.62363181
  -0.49173299 -0.37673826  0.1209946  -0.53724058  0.68199    -0.69489658
   0.17907215 -0.33619204  0.10839874 -0.73291314  0.66516355  0.19904215
   0.09306119 -0.66720224 -0.28280611  0.03855813  0.41994112 -0.21288808
   0.25883898 -0.48056197 -0.55405303  0.03719417  0.53936526 -0.60156521]
 [-0.28310504  0.69968441  0.67467643 -0.65885609 -0.31844248  0.20021344
   0.32983646  0.46737601  0.34345755 -0.27767834  0.74783064 -0.84661043
   0.15791001  0.60083156 -0.25384841  0.45426025  0.88428883 -0.95054753
  -0.62150576  0.4073724  -0.53894175 -0.56306135  0.03145684 -0.39664926
  -0.17422932 -0.79884203  0.69042911  0.92622905  0.97827692  0.12279916
  -0.35227954 -0.353121   -0.25290237  0.51297722  0.08742563 -0.90212933]
 [ 0.50853976 -0.89050347  0.38898427  0.20515381  0.51634519 -0.29723655
   0.63517222  0.43370137  0.20649124  0.14195387  0.95953174 -0.55231871
   0.49452052  0.45223622  0.88018209  0.33678573  0.33691406  0.57234517
  -0.76493647  0.2172036  -0.3994527  -0.36250849  0.78069229 -0.55166403
   0.47375698  0.96293173 -0.67873754  0.0124284   0.28980887  0.90262525
  -0.23739119 -0.59407751  0.68565359  0.43688192 -0.66497881 -0.3435699 ]
 [-0.16530132  0.69273171 -0.24779002 -0.24281321  0.2439543   0.98088291
  -0.54126513  0.42354232  0.27214721 -0.78934996  0.831556    0.81701119
  -0.06688629  0.18823575 -0.07506296  0.57368342 -0.76183849 -0.85694847
  -0.77245475  0.58892663  0.04817016 -0.12057665  0.29650239 -0.99483475
   0.40103381 -0.16124779  0.51533086 -0.42556759 -0.26686223 -0.94695309
  -0.89012206 -0.08565175  0.45429627  0.44122569 -0.44697488  0.20185468]
 [ 0.48171093  0.3880423  -0.1867543  -0.48876783  0.62169318  0.68246469
  -0.6927067   0.69684669  0.33314778  1.0067871   0.36201141  0.42562319
  -0.00825325  0.09025403  0.95530306  0.98436068 -0.83928606 -0.93347639
  -0.70666747  0.42174889  0.01560145  0.29328485 -0.59562641  0.53520378
   0.53044446 -0.09000812  1.03153936 -0.50856308  0.02675591 -0.80564798
   0.14670348  0.82412723  0.4639223   0.987922   -0.14671628  0.43380541]]
[[ -3.49534743e-02  -1.30926336e-01  -6.85307468e-01   7.64948249e-01
    7.04045498e-01  -8.91779656e-01  -8.15219735e-02  -8.08881216e-01
   -4.86630575e-01]
 [  4.70162713e-01  -1.95574220e-01   6.43436714e-01   6.69721446e-01
   -7.67607735e-01  -6.58617956e-02  -3.96802139e-01   2.99606165e-01
    2.06235649e-01]
 [ -4.83885737e-01   7.82849786e-01   7.04552409e-01  -8.19111436e-01
   -6.99892539e-01   3.69780299e-01   1.92861759e-01  -3.91203632e-01
    1.65895414e-01]
 [  1.53224282e-01  -1.68883541e-01  -3.20327819e-01   5.69560079e-02
   -7.77997423e-01   2.04531578e-01  -9.54809376e-01   8.08631191e-01
   -1.85437706e-01]
 [ -1.98834413e-01  -3.42336812e-01   1.02818161e+00  -8.87143628e-01
   -6.43492161e-01  -2.47364431e-02   8.54249323e-01   3.31020737e-02
   -1.27745670e-01]
 [ -4.01199759e-01  -8.27908932e-01  -1.90140478e-01   2.56781823e-01
   -6.41993594e-01   1.65601669e-01  -7.14803454e-01   6.58347795e-01
   -2.15550851e-02]
 [ -1.51117546e-01  -7.36324958e-01   4.23213803e-01  -9.08004489e-01
   -3.23173708e-01  -4.83989027e-01  -1.43468083e-01   3.30311074e-01
   -9.15056673e-01]
 [  3.71122656e-02  -4.49139630e-01   4.09779768e-01  -5.29443503e-01
    6.40620699e-01   7.85562203e-01  -8.59381932e-04   3.39629378e-01
    7.71926137e-01]
 [ -6.89501599e-01   1.31069553e-01  -7.42622341e-01   9.64851285e-01
   -5.67905762e-01  -6.06837774e-01   2.18630701e-01   3.09665159e-01
    8.25156506e-02]
 [  8.68436616e-01   4.32961609e-01  -2.92749457e-01   4.54271114e-01
    1.00006764e-02   4.82488017e-02   1.76089379e-01   9.63519199e-02
    3.18088675e-01]]