36 9 10
[[ 0.15431558  0.61668734  0.06316756  0.52731705  0.64070163 -0.7407631
   0.27259808  0.52150476  0.18459456 -0.18578594 -0.24838415 -0.03802287
  -0.02811507  0.54930309  0.46021833 -0.0579821  -0.01332944 -0.78047128
  -0.34521611 -0.89401699  0.64210315 -0.67380854 -0.05234029  0.06978746
   0.65183795  0.10339596  0.20421307 -0.55125169  0.44243169 -0.83565451
   0.91422986 -0.57492083 -0.62502216 -0.37791205 -0.39011775 -0.60295153]
 [ 0.26756309 -0.32074523 -0.35190361  0.69455647  0.16420856  0.68967658
   0.67953023  0.9079833   0.13584082 -0.67061392 -0.48829234 -0.09150576
   0.44128655  0.07627812  0.42776818  0.30896999  0.66102592 -0.17702558
   0.32789186 -1.00060691 -0.70163599  0.29560077 -0.4324124  -0.1851202
   0.54254131  0.46151374 -1.00454489 -0.14839181 -0.85780461 -1.02632024
  -0.9171162  -0.31017519 -0.50448474  0.30662977 -0.42785705 -0.11564536]
 [ 0.51293078 -0.34425942 -0.21835822  0.80716765 -0.24506175  0.91549401
  -0.01914784  0.43337299  0.45945086 -0.49344969 -0.11006805  0.81304009
  -0.06043124 -0.42579057 -0.99140517 -0.01480267  0.63089696  0.33256748
   0.47329664  0.67849845 -0.11595947 -1.02564438  0.00644338  0.94288778
   0.58908711  0.1328535  -0.39101398 -0.69578087 -0.70062909 -0.09484835
   0.97693323 -0.50141991  0.72974273  0.40800787  0.98213     0.51967931]
 [-0.01465058 -0.16560646  0.75929084  0.41284363 -0.39534866 -0.84959046
   0.6872434  -0.68791818  0.77245346 -0.17134915 -0.6154621   0.41809052
   0.45592307  0.27625803 -0.91773833  0.65021616  0.34858127  0.29058652
   0.70554846  0.70979175  0.72121171  0.81160738  0.55759791  0.18594396
  -0.29593129  0.87322866 -1.03320117  0.37264673  0.66136441 -0.9280393
   0.86919553 -0.92916242  0.54768258 -0.79057891 -0.4507993  -0.43431355]
 [-0.77962066 -0.82405302 -0.16186218 -0.48204042  0.68395823 -0.6284794
   0.62305811 -0.18272825 -0.31864829 -0.09122373 -0.91883662  0.28528703
   0.78661733  0.33271887  0.92273097  0.50557429 -0.85170927  0.92446748
   1.02619114  0.21233269 -0.13418668  0.20072723 -0.71064365  0.73483103
  -0.07730495 -0.89250653 -0.33363819 -0.93249148 -0.32787024 -0.10422265
  -0.77503932 -0.87506588 -0.44826843  0.59252155 -0.51784088 -0.26144328]
 [ 0.92331596 -0.80545222  0.42192991 -0.84421259  0.04132919 -0.83462675
  -0.0568971  -0.01222126  0.31429647  0.75935841  0.68114038 -0.04106699
   0.48944429  0.57513063 -0.09171793 -0.21105569  0.20911869 -0.5179403
  -0.66690744  0.57990531 -0.99221645  0.28955092  0.22361733  0.01122952
  -0.75250456  0.67711293 -0.79364814  0.08516754  0.59828222  0.47907069
  -0.73571272  0.49812844  0.15708782  0.67314152  0.41401226 -0.03257141]
 [-0.83351142  0.11930808  0.46085387 -0.37791508  0.29504084  0.24905602
   0.35601133 -0.63832252  0.63511471 -0.1335815  -0.24975069 -0.063882
  -0.17781533 -0.57312864  0.55090404  0.84333239 -0.06645157  0.14408738
   0.7312479   0.01572754  0.73144838  0.90073285  0.62007675  0.42139754
   0.82293968  0.87965383 -0.62527388 -0.82075104  0.40824301 -0.42030743
  -0.01384896 -1.05875228 -0.18280321  0.89519456  0.70147627  0.03838673]
 [-0.72490085  0.37009477  0.5567593   0.07441214 -0.70352138  0.94335092
  -0.63993885  0.4182485   0.43854757  0.89949518  0.07079462 -1.02060021
  -0.46368032 -0.97417269  0.72524242 -0.01953557 -0.86586494  0.73620956
   0.02462441  0.7645198  -0.1588131  -0.04715368 -0.30325919 -0.38756755
  -0.29599871  0.7337838  -0.2368536   0.20698783 -0.4820221  -0.89951699
  -0.09170264 -0.87654867  0.38108162  0.71145994 -0.65783358  0.18125419]
 [-0.5791103   0.41407832 -0.03638076  0.16877783 -0.7133777   0.08020021
   0.57331307 -0.46547124  0.05672137 -0.08451243  0.35198938 -0.66463423
   0.12040157 -0.47465482  0.90606843  0.05111023 -0.21906009  0.26212307
  -0.23195829  0.31129507  0.78294099 -0.25723324  0.86643947 -0.47785213
  -0.60226732  0.5023471   0.68383636 -0.14245929  0.24972703 -0.67380497
  -0.12030105  0.20907084  0.57071766  1.00544764 -0.72984728  0.76246093]]
[[-0.9625365   0.56848501 -0.48923532  0.45453447 -0.92598225 -0.81985185
  -0.48319535 -0.85460033 -0.37001707]
 [ 0.91544415  0.27887104 -0.84386596 -0.37863627  0.48413781 -0.74335153
  -0.4397819   0.01432698 -0.66663021]
 [-0.30825188 -0.35576698  0.39769624  0.38351888 -0.41280855  0.48351915
   0.34452651 -0.36371651 -0.10223279]
 [-0.24858149  0.53234212  0.8066996  -0.0914672  -0.12992448  0.5684521
  -0.72337701  0.88950138  0.47109796]
 [ 0.81331519  0.85071303  0.86548721 -0.20106009 -0.39416818  0.57281126
   0.14861442 -0.93803921  0.48821785]
 [ 0.88032548  0.73971061 -0.43546087 -0.62714253  0.26471955  0.76602958
   0.10025943 -0.46116424  0.63620949]
 [ 0.42529212  0.57251901  0.3775429  -0.70212806  0.83631027 -0.3532838
   0.48008855 -0.4808973  -0.09276087]
 [-0.04957498  0.50993968 -0.76932018  0.17875661  0.58871844  0.83833974
   0.14812263  0.01482719  0.7413811 ]
 [-0.2511901  -0.85630375 -0.03279691  1.02897059  0.43506595 -0.6488714
   0.88897849  0.04762109 -0.64805787]
 [ 0.99213     0.94035605  0.70912135 -0.42188433  0.06643455 -0.08825666
   0.12719537 -0.97730047  0.74543078]]