36 9 10
[[  7.98905294e-01  -2.29745057e-01   5.65997323e-01  -9.46456606e-01
    6.19060401e-01  -5.14665216e-01  -8.42208189e-02   4.87387460e-01
    1.49966005e-01   6.49932595e-01  -2.48981988e-01  -6.13322558e-02
    7.93543728e-01  -7.95939798e-01   5.86491297e-01  -2.39282779e-01
   -2.30109989e-02  -1.20993044e-01  -4.81107053e-01  -5.17159306e-01
    5.16356604e-01   7.62547792e-01  -6.04568724e-02   9.71513090e-01
    8.44759223e-01   1.34078602e-01   1.01247272e+00  -2.23036652e-01
    6.78389971e-01  -7.56332557e-01   4.49209363e-01   1.96595762e-01
    7.23180424e-01  -7.12527103e-01   3.71946014e-01   6.09796961e-02]
 [  2.32522635e-01   9.86514567e-04   4.94074310e-01  -1.46816135e-01
    1.56652018e-01   8.94526703e-01   7.01680062e-01  -6.30686244e-01
    6.51682398e-01   8.98380098e-01   6.49874598e-01   7.16503443e-02
   -5.61830814e-01   1.50202731e-01   1.25956444e-01   6.77071547e-01
    2.12546880e-01  -2.11047403e-01  -2.21079307e-01   3.23587933e-01
   -6.92205731e-01  -3.27068303e-01   2.07652100e-01  -1.37633829e-01
    4.79636214e-01   5.41059515e-01  -2.30907047e-02   5.55552181e-01
   -8.00524383e-01   3.60444231e-02  -7.29652407e-01   6.23039194e-01
   -3.04262408e-01  -9.37513291e-03  -4.52706399e-01   4.21924251e-01]
 [  9.19706992e-01   3.39750666e-01   3.87802946e-01   9.53540093e-01
    4.68277416e-01   8.55102677e-01  -7.91989909e-02   4.14539358e-01
    3.05412751e-01  -5.81885826e-01  -1.71232380e-01  -9.05798828e-01
    5.52128782e-01  -2.75819011e-01  -9.54790402e-01  -9.70049293e-01
   -3.21293402e-01   9.92049553e-03  -4.92674848e-02  -7.23447919e-01
   -4.81102169e-01  -4.46876648e-01   2.83184393e-01   3.83354399e-01
    1.60713293e-01  -6.45633913e-01  -8.59715835e-01   3.59097878e-01
    5.00683695e-01  -7.84762086e-01   4.44681263e-01  -9.14508561e-01
    6.70295337e-01   3.80665718e-01   1.04717805e+00   6.83755514e-01]
 [  7.13888380e-01   5.28201379e-01  -3.14823897e-01   5.71799821e-01
   -1.77288312e-01  -1.63449570e-01   7.99438185e-01   1.68999973e-01
    8.32046719e-01  -7.53946429e-01  -6.90919960e-02  -2.33968643e-01
   -7.46062313e-01   2.60708475e-01  -9.32530079e-01  -1.39059365e-01
   -7.75604154e-01   1.06905314e-01   7.36271657e-01   5.88288088e-01
    7.16643913e-01  -1.44847818e-01   1.30148483e-01  -6.09516623e-01
   -2.94583127e-01   8.40969097e-01  -8.24644545e-01   3.50369629e-01
   -7.21294577e-01  -9.27642899e-02   4.85625218e-01   7.02417278e-02
   -7.99986894e-01   1.47273534e-01  -4.73595767e-01   6.47925817e-01]
 [ -3.99065920e-01  -7.24570889e-01  -8.14307069e-01  -8.33994942e-01
   -2.50118834e-01  -4.59239307e-01   6.19652688e-01  -1.82214205e-01
   -3.69257623e-01   5.37421646e-01  -9.40910317e-01   3.82204578e-01
   -9.42656949e-01   2.26912497e-01  -3.04024932e-01  -6.87623241e-01
    9.31443839e-01   1.56117754e-01   9.91123994e-01   5.48644467e-01
    7.70300571e-01   8.16691016e-01   6.03677010e-01  -6.44508334e-01
   -2.47982408e-01   1.22764175e-01   7.25609757e-01  -8.37443078e-01
   -2.82302219e-01  -1.44834291e-01   2.27688594e-01  -8.13773443e-01
   -2.06763955e-01   9.39191118e-01  -5.79509610e-01   8.08165887e-01]
 [  9.47904439e-01  -1.45582221e-01   3.85704031e-01  -2.44534841e-01
   -3.75372228e-01   9.60992097e-01   8.38624079e-01   7.91096227e-01
    8.34371930e-01  -5.44219007e-01   2.34725098e-01  -5.61983812e-01
    4.68395109e-01   3.51778725e-02  -4.92138024e-02   6.12499310e-01
    1.63724666e-01   1.04245851e-01  -7.44765974e-01   2.09342548e-01
    7.72118804e-01   9.86694782e-01   2.39060250e-01  -1.25382625e-03
   -1.44198949e-01   3.31768795e-01  -6.56842507e-01   1.40006266e-01
   -1.14654900e-01  -2.57405167e-01   8.03875915e-01   1.32025680e-01
    1.66736375e-01  -9.63699078e-01   3.48317489e-01  -4.38313906e-01]
 [  7.33025488e-01  -4.12384410e-02  -6.10684732e-01  -9.55196005e-01
   -4.75476945e-01   7.38829027e-02   9.93332150e-01  -6.49848864e-01
    9.50811676e-02   8.57304791e-01  -6.00819612e-01  -1.16302287e-01
    2.70467960e-02  -3.15634618e-01  -7.96553967e-01  -4.77050615e-01
    6.12358044e-01  -2.33401268e-01  -6.86945695e-01  -6.87706539e-02
   -1.36532991e-01  -4.50347007e-01   6.65841815e-01  -4.00313103e-01
    8.08094832e-01  -2.98927938e-01   7.34350361e-03  -8.05468740e-01
    3.95654383e-01  -4.47387717e-01   1.25510205e-01  -2.99022710e-01
    4.35058386e-01   6.93805787e-01   6.28210158e-02   3.34943183e-01]
 [  8.46079594e-01  -3.01363405e-01  -9.21964765e-01   7.13055079e-01
   -6.85674594e-01  -8.49721534e-01  -5.77337664e-01   3.43277406e-01
   -9.48931431e-01  -7.76964143e-01   2.47712288e-01  -1.87901187e-01
   -4.33907462e-01  -3.19992553e-01   2.73217599e-02  -2.66937041e-02
   -8.67410347e-01   7.14779642e-01   2.45536622e-01   5.69768397e-01
   -4.93337416e-01   8.96087231e-01  -6.65247117e-02   2.95139348e-01
   -2.92067305e-01   1.61834227e-01  -4.67443503e-01  -8.51702187e-01
   -6.26944417e-01  -7.03673793e-01  -1.89396138e-01   1.18164071e-01
   -1.75308458e-02   7.86640553e-01   6.44226459e-01  -9.05404065e-01]
 [ -3.28718031e-01   8.44291239e-02   4.48846187e-01  -6.04625311e-01
    5.53020491e-02   9.07909331e-01  -1.28976552e-01   7.33126024e-01
    1.62746572e-01  -9.94024615e-01   2.62577932e-03   9.39537990e-01
    1.10368099e-01   9.74764290e-01  -7.64021600e-01   9.16812749e-01
   -2.08825487e-01   3.11931690e-01   2.44886131e-01   2.70119952e-01
    5.39386638e-01  -5.61744984e-01   5.27626918e-01   8.80513353e-01
   -6.28683488e-01  -2.29490330e-01   6.89575362e-01  -6.06625109e-01
    2.94580028e-01  -2.93649906e-01   6.00435061e-01   3.05623385e-01
    5.86577566e-01   6.63456251e-01  -3.80670095e-01   8.11129714e-01]]
[[-0.95222398  0.60034516 -0.41183966  0.43428937 -0.5216153  -0.43463314
  -0.42594259 -0.89439202  0.02380888]
 [ 0.22860987  0.67403548  0.45681929 -0.40388544  0.53152068 -0.81493953
   0.21417131  0.77099747  0.59158868]
 [ 0.98848585 -0.64027745  0.40201104  0.51409808  0.6002786   0.98337677
  -0.57097757  0.60885242  0.98811413]
 [-0.65699262  0.23628926 -0.21232129  0.96919903 -0.30958743 -0.79589897
   0.37529877  0.77275145  0.52634061]
 [-0.33923643  0.85178034  0.60981206 -0.01332559  0.41398724  0.13614231
   0.13436585  0.8259437   0.34240454]
 [ 0.85572583  0.77775034  0.36073374  0.85687604  0.0221467   0.81880936
   0.0742698   0.07507527 -0.29089663]
 [ 0.63392711  0.05341685 -0.48864805 -0.45533687  0.67737891  0.97447007
  -0.44633319  0.46543532 -0.97415768]
 [ 0.23296326 -0.43428295  0.31192445 -0.73859833  0.92464085 -0.5364749
  -0.6828471  -0.37179924  0.72772561]
 [-0.59879434 -0.97268987 -0.18990968  1.00448856 -0.93935744 -0.58680817
   0.76786358  0.13567843 -0.91881516]
 [ 0.68595686  0.35448401  0.66535975 -0.85517766 -0.44316479  0.2608942
  -0.64120712 -0.64770375 -0.55190196]]