36 9 10
[[-0.49188137  0.66836867 -0.48549218 -0.93272906 -0.69404071  0.81409951
  -0.07632932 -0.55270376  0.44740545 -0.05406609  0.83344271 -0.53107226
  -0.05632017  0.89395547  0.72715109  0.03876654  0.78423271  0.68035569
   0.36753997 -0.85153785 -0.26370061 -0.83601542 -0.36147708 -0.28026396
  -0.86260637 -0.38921342 -0.050065   -0.16738027 -0.50918662  0.01245672
   0.51466244  0.56438457 -0.74411442  0.58213719  0.84608241  0.68719945]
 [-0.51357609 -0.23503232  0.91637946 -0.57992066  0.66009785 -0.3021752
   0.31564933  0.6990714  -0.61667254  0.93946242  0.96322369 -0.49299261
   0.49955673 -0.28392245 -0.97632257  0.3173548   0.17082774 -0.99677904
   0.69050867  0.6130396   0.78189028  0.697482   -0.29455142  0.38195938
  -0.86717392 -0.48311906  0.26078845  0.74373494 -0.12610423 -0.65812321
   0.91821312  0.96093733  0.4232658   0.9099376  -0.94217305 -0.08516515]
 [ 0.6954992   0.14968733 -0.58091075 -0.92450199 -0.44357088  0.68435885
   0.54144104 -0.66893158  0.00836703 -0.03856376 -0.68367077 -0.40646113
   0.00111247  0.477738    0.00482322  0.84960764  0.62168867 -0.87154791
  -0.25516615  0.51226333  0.77844229  0.04573884  0.00764488  0.87063974
   0.86727453 -0.96070739  0.40573047  0.5143597   0.04771369 -0.57100189
  -0.47133732 -0.21662576  0.08113656  0.64023551  0.0652221  -0.3508251 ]
 [ 1.01967076  1.03071166 -0.8246272  -0.56341138  0.7451724  -0.259247
   0.39154581 -0.87793262 -0.77194163  0.2537661  -0.19248492  0.23685759
  -0.58811635  0.6129308   0.98694433  0.37916564  0.75777059  0.93583657
  -0.65542269 -0.54659652 -0.92848627 -0.17045521 -0.26512126 -0.85583398
  -0.49038511 -0.06260235  0.36668817  0.89644328 -0.43431382  0.25943355
  -0.16204918 -0.29165876 -0.75000774  0.33470229  0.68650516 -0.44519432]
 [-0.61671608 -0.01481633 -0.92407475  0.85418551  0.60159662 -0.94913646
   0.48443617 -0.03417257 -0.2058054  -0.3320172  -0.40980167  0.98521471
  -0.28433205 -0.43568721  0.88690401 -0.27661376  0.43975979  0.6317757
   0.35839698 -0.74000958  1.01809135  0.6876555   0.69711623 -0.30007107
   0.68748414  0.90048963 -0.15201671  0.31072843  0.59499464  0.94696486
   0.87779116  0.74023635  0.44000944 -0.80730332  0.13408489 -0.95614574]
 [ 0.32726367 -0.97275271 -0.03776764 -0.57251232 -0.24054055 -0.21820763
   0.61352178 -0.11577033  0.72374616 -0.15044186  0.44231755  0.47123765
  -0.03613943  0.95740539 -0.1190866  -0.35077024  0.30307606  0.74571043
  -0.6847466   0.51035033 -0.94161795 -0.33585724 -0.24582274  0.96753687
   0.08934714 -0.22009951  0.38487824  0.7291436   0.2794827   0.32400363
   0.24852702  0.15274509  0.66108681 -0.27375793  0.2727788   0.70229702]
 [ 0.33738827 -0.78388491  0.48886224  0.10419305  0.75846868  0.75961289
   0.92635676 -0.92611914  0.62711818  0.89118835 -0.55664538 -0.7602221
  -0.73207057 -0.42238453 -0.75542135 -0.86764821  0.95178501 -0.48136821
  -0.27784405  0.49927319  0.12057899 -0.15192197  0.46818782  0.33758611
  -0.43656394 -0.03238528 -0.50649015 -0.60611288  0.6604546   0.14349018
   0.85096489  0.65208589 -0.54318612  0.17257725 -0.0522673   0.31795983]
 [-0.98547831 -0.87171888 -0.36611468 -0.81465569  0.44713872  0.12823718
  -0.98549921 -0.53371327 -0.36380626 -0.40035477 -0.94454972  0.33155109
   0.67579484  0.26427308 -0.37215138 -0.4047149  -0.36916449 -0.38408706
   0.23440487 -0.99833755  0.06921321  0.54959251 -0.67769907  0.68168718
   0.80214166  0.29824685  0.75149011 -0.64984029  0.70798586  0.07247334
   0.71870728 -0.13463727  0.73991412 -0.77809719  0.89243937 -0.57298791]
 [ 0.68267794 -0.57395309  0.70062285  0.64785387  0.30932534  0.6483901
  -0.26243059 -0.76585597  0.60423678  0.37269576  0.20800155  0.74902436
  -0.44191953  0.83896838  0.2327634   0.78690806  0.33220473  0.79681182
   0.18973843  0.58625374 -0.25287084 -0.64603182 -0.19941899  0.78486331
   0.31859656 -0.50820125  0.66501851  0.00509501 -0.46549665 -0.42410352
   0.46471903 -0.54963032 -0.01880638 -0.08484471 -0.75003767  0.40660464]]
[[  2.35812716e-01  -4.61818061e-01   2.20872402e-01  -1.90661583e-01
    7.10594073e-01   4.28189321e-01  -2.23325262e-01  -3.87588167e-01
    9.97851652e-02]
 [  2.22415538e-01   4.15641599e-01  -4.17438240e-01   4.49442913e-01
    8.10507711e-01   4.97650999e-01  -3.90722640e-01  -3.10644305e-01
    4.75713091e-01]
 [  4.70721044e-01   3.56808189e-01   2.62578763e-01  -8.06479149e-01
    5.93644255e-01  -5.35540078e-01  -5.39233693e-01  -9.36715832e-01
    4.95968526e-01]
 [  9.22610550e-01  -9.73046378e-01  -4.08300811e-01  -9.55512896e-01
   -1.44920546e-01  -4.55708552e-01  -9.63987565e-01  -2.95174763e-01
   -6.96237012e-03]
 [ -8.06076859e-02   6.90161993e-01   8.38416834e-02   1.99909389e-01
   -9.73030531e-01   7.78542910e-01  -1.81361564e-01  -8.44035168e-01
   -4.52663349e-01]
 [  5.31866543e-01  -6.81198824e-01   2.28193362e-05   8.78213429e-01
   -5.93911935e-01   4.83300193e-01  -4.06677526e-01  -9.42492957e-01
    4.51530845e-01]
 [  2.43908777e-02   2.13468117e-01  -6.73671142e-01   1.67242345e-01
    3.85616761e-01   7.35708569e-01   8.39435501e-01  -4.42517098e-01
   -7.88534029e-01]
 [  1.01360803e-02   3.84892477e-02   5.22483776e-01  -8.07745997e-01
    9.68992041e-01   9.91696432e-02   9.48223846e-01   2.43847110e-01
    6.22338716e-01]
 [  5.54292871e-01   8.33975621e-01   1.76558297e-01   4.62768462e-01
   -2.38987456e-02  -3.95799854e-01   8.68882964e-01   4.90453752e-01
    9.63324684e-01]
 [  5.23723998e-01   3.08197571e-01   4.84950699e-01  -8.55715482e-01
    8.50494754e-01  -2.58935081e-01  -9.01873447e-01   3.06833527e-01
   -4.73060432e-01]]