36 9 10
[[ 0.38251708 -0.57704115 -0.19198458 -0.90782297  0.63151414  0.89230636
  -0.79110381 -0.57919722  0.56625642 -0.20330514 -0.15331669 -0.76500814
   0.82467226  0.62753666  0.92137328 -0.80767166  0.16830157 -0.71695305
  -0.23103697 -0.95659661  0.92758743 -0.48207913  0.32246679 -0.38676929
   0.58513532  0.37274376 -0.63234709 -0.77034007 -0.73956713 -0.15296516
  -0.09160092  0.58973164  0.00547184  0.77709116 -0.75601694 -0.66679772]
 [-0.98182583 -0.85199674  0.55917728 -0.24259393  0.85619953 -0.95334484
   0.50412632 -0.23794867  0.15331627  0.68030392  0.76091485  0.19612998
  -0.03940184  0.40203912 -0.38556413  0.29880261  0.12508273  0.38291458
  -0.30676299  0.16488047 -0.24316474 -0.35439891  0.52021318 -0.77705029
  -0.9277928   0.4113136   0.85872089  0.51620436  0.91138572  0.27831086
   0.57934216 -0.75776612  0.94251649 -0.05582762 -0.04067187 -0.37596252]
 [-0.81067026  0.01348025 -0.54255372  0.89431146 -0.12795372 -0.44133026
  -0.73690445 -0.5154611   0.45807743 -0.91177028  0.70018385  0.13958173
   0.3595574   0.19248024 -0.76381876 -0.56867938  0.65933168  0.35874214
  -0.61550992 -0.26483663  1.00157633  0.17354401 -0.10513303 -0.4874823
  -0.21119232  0.50027412 -0.69041765 -0.78504999 -0.3643087   0.20576815
  -0.60839898 -0.5712743  -0.83513771 -0.7863566  -0.59526448  0.56503827]
 [ 1.01774857  0.76082162  0.52223637  0.17914955  0.52654389 -0.85532779
   0.77849595 -0.70189272 -0.07301599  0.51516927  0.73901954  0.2996185
   0.22592525 -0.69296927  0.72001828  0.4698859  -0.72371058  0.81527476
  -0.75080787 -0.87177913  0.15178783  0.88019434  0.50039139 -0.66613726
   0.04754746 -0.48663988 -0.8650352   0.30739292 -0.35383047  0.45249247
   0.6481661   0.76485926 -0.51561933 -0.09338397  0.04475526 -0.56147111]
 [ 0.32195589  0.75181156 -0.90521144  0.33027968 -0.77768272 -0.22471989
   0.20301512 -0.83454445 -0.26645323 -0.33360265 -0.57615397  0.3689187
  -0.2125804   0.4790626  -0.34164586 -0.96507692  0.31827026 -0.3257758
  -0.88492969  0.26718884 -0.18856566  0.07711596  0.40115291 -0.8702644
  -0.05714166 -0.1216054   0.2388058   0.62754491  0.53214147 -1.00732688
   0.21575537  0.1525392   0.78391806  0.54793083 -0.35040135 -0.93263077]
 [ 0.93913693 -0.9762648   0.59455329 -0.48317999 -0.84482222 -0.50936391
   0.51776724  0.15491271 -0.49324332  0.55586947  0.83289958  0.03930634
  -0.67652524  0.48847338 -0.87252164  0.38918376  0.8615524   0.25143245
  -0.32671866  0.82490025 -0.33741481 -0.88901759 -0.67265867 -0.74004902
  -0.6702548   0.09589281  0.67191687 -0.58985058  0.54744979  0.98313539
  -0.23979124 -0.76532993  0.89875692 -0.18115391 -0.3596231   0.81556533]
 [ 0.09911009 -0.49624794 -0.80166276 -0.16787034  0.80946643  0.61435725
   0.0168116   0.78936718  0.70884997 -0.2664915  -0.31320282  0.04062009
  -0.76423211 -0.50556531  0.34846291  0.75277482  0.69796315  0.57371661
  -0.41050942 -0.20828244 -0.05623581  0.70929977  0.21032999 -0.64924477
   0.47385891 -0.24312852  0.14561677  0.6362874   0.62543565 -0.80897025
   0.87291089  0.05167308  0.55278551  0.85171687  0.40540725  0.30248404]
 [-0.16410024 -0.71798749 -0.91887076  0.47221738 -0.2152628   0.76778126
   0.5891825  -0.02308837 -0.00238588  0.16631357 -0.06843615 -0.89968164
   0.91849929 -0.28145607 -0.30236484 -0.40852292  0.46021091  0.14339502
   0.3605078   0.4521456  -0.53255407 -0.66901779  0.89345635 -0.45321416
  -0.8623557   0.18707468 -0.68013925  0.42565307 -0.57856602 -0.34198336
   0.91046057  0.41408333  0.44424199 -0.93951409  0.18521389 -0.1309482 ]
 [-0.48218459 -0.6152694   0.35920386 -0.21402865  0.08185199  0.71586432
  -0.33873848  0.19767776 -0.86605166  0.37085744  0.48389034 -0.23683474
  -0.58151288 -0.32084771  0.18102025 -0.95079876  0.21724955 -0.59525784
  -0.51322715  0.30011203 -0.9042248   0.50902343  0.58952408  0.65089737
   0.28529562 -0.16475089 -0.73420472  0.07484833 -0.62154077 -0.05532646
  -0.74541355  0.61779309  0.80780079 -0.0638936   0.45938209  0.0367509 ]]
[[ 0.39924278  0.07779248  0.46112057 -0.2102254  -0.81999069 -0.09306904
  -0.51473624  0.31061825 -0.05846011]
 [-0.40290709 -0.34496274 -0.96428637  0.34069627 -0.86895291  0.97510539
  -0.61194153  0.64501967  0.86831271]
 [ 0.89716833  0.26183909  0.84154528  0.24457481 -0.08010405  0.45421029
  -0.21705726  0.5174476  -0.26422785]
 [-0.65336581  0.37839369 -0.71566206 -0.29693491  0.60561717 -1.0392922
  -0.63811826 -0.93923238  0.56561348]
 [-0.02511314  0.66519688  0.58204802  0.08271971 -0.90900104  0.95780296
   0.35298752  0.47068114  0.17032556]
 [ 0.22432613  0.92162042 -0.03800421  0.97390426 -0.65408141 -0.74352087
   0.26183286 -0.51599537  0.58585339]
 [ 0.90495748 -0.42678304 -0.83864614  0.78629608  0.44962169 -0.29925107
   0.19989724 -0.26270725  0.68354688]
 [-0.55875273 -0.75976278 -0.96620522  0.81080349 -0.27205897 -0.98819558
   0.89943899  0.82401025 -0.6326363 ]
 [-0.54146352 -0.48595224 -0.01630699 -0.50183649 -0.34466149  0.93811423
   0.46694846  0.80300786 -0.95389117]
 [ 0.19025148  0.93324799  0.63359064 -0.06586208  0.3768074  -0.7216619
   0.22988706 -0.44246081 -0.16909203]]