36 9 10
[[-0.08608082  0.63482997  0.03875875  0.55677081  0.76245038 -0.5729808
   0.24722473 -0.62731231  0.13303203  0.69350473 -0.43075829  0.87098483
   0.81576443  0.56054602 -0.75913041 -0.06533291 -0.02140901 -0.7595107
   0.38531885  0.03327994  0.63650885 -0.69172674 -0.04559844  0.24514421
   0.63186588  0.28563626  0.26704094 -0.65283784  0.42399265 -0.2556026
  -0.53647893  0.13086367  0.76171222 -0.37960466 -0.55503013  0.15856888]
 [ 0.10520146 -0.30773766 -0.36593324 -0.75508345  0.58250281  0.69978159
   0.64682449 -0.89912222  0.92932818  0.29567666  0.80080723  0.26721669
   0.96077667 -0.5155049  -0.4506285   0.33738414  0.67072116 -0.19020709
   0.3641906  -0.07581737  0.07623723  0.24180299 -0.70596522  0.63768013
   0.2821847   0.45450694 -1.03041374  0.50372372  0.52535234 -1.00463935
  -0.89728926 -0.16593981 -0.66712034  0.22358112 -0.47636757 -0.10649982]
 [-0.53674515 -0.70974129  0.10319012 -0.16938308  0.41118003  0.7622285
  -0.39068371  0.47056179 -0.85792672 -0.68512012 -0.8857939  -0.75102587
   0.55442678  0.94793645  0.74450357 -0.2983951  -0.19391642  0.35220696
   0.26781711  0.66135774 -0.8124039  -1.01381569  0.23036206  0.93388998
   0.22072971  0.11660693  0.77643416 -0.66562701 -0.67214614 -0.0967472
   0.99667659 -0.48453875  0.67744781  0.42039977  0.97415421  0.50695747]
 [ 0.13442793  0.11847231  0.8321911   0.87262808  0.6981982  -0.31433754
   0.68151324 -0.68064788  0.77795439  0.44622968 -0.65390751 -0.26397408
  -0.79064659  0.0475463   0.49829781 -0.467397    0.39877701  0.28470247
   0.08056683 -0.65325946  0.65515748  0.88516787  0.58922261  0.16685391
  -0.60722204 -0.5899579   0.15734039  0.33864828  0.74702192 -0.94075128
   0.94128567  0.31774708 -0.86965114 -0.82676314 -0.46871973 -0.41629177]
 [-0.79989972 -0.18534601 -0.17421545  0.03968548  0.69256829 -0.47779398
   0.05929935 -0.16654523 -0.78319394 -0.98915246 -0.8839346   0.8014705
   0.11377021 -0.899864    0.91312408  0.54179231  0.8107302  -0.49333219
   1.0036348   0.2144699  -0.17827096  0.60820813  0.26622606  0.64512875
   0.53578595  0.33888587 -0.51499251 -0.92490357 -0.32051039 -0.09597271
  -0.78028809 -0.87132345 -0.43189975  0.42766273 -0.2112465  -0.28325736]
 [-0.08168942 -0.78380563 -0.50660147 -0.59827049 -0.82618591  0.93306888
   0.81912725  0.64636803  0.73207809 -0.87250217  0.50374475  0.25190019
   0.3024607   0.82993652 -0.08039334  0.59754443  0.92217078  0.42519685
  -0.6510903  -0.50641981 -0.98410236 -1.12373722  0.26541793 -0.74028398
  -0.0726867   0.0917902  -0.77818771  0.0437576  -0.52352187 -0.69193733
   0.85743433  0.50078389  1.02963092  0.93624942  0.38947359 -0.30212504]
 [-0.49979528 -0.4906331   0.3918851  -0.36167044  0.87079004  0.30482485
   0.75475894  0.63527951 -0.5528417  -0.11235982 -0.78369629 -0.03457492
   0.12292909  0.29838436  0.41441726 -0.21675482 -0.02865077  0.13722784
   0.6438727   0.71177329  0.53872997 -0.6734835   0.63588979  1.01504352
   0.96573179  0.88145069 -0.64848477 -0.09661581  0.69975318 -0.44143838
  -0.04285855 -0.99118985 -0.20769224  0.90539491  0.20459174  0.76902753]
 [-0.72070477  0.35425258  0.52853252  0.82118413 -0.74252881 -0.81988439
  -0.6245681  -0.08797836  0.62544886  0.15499311  0.35930811  0.97399955
   0.74175899 -0.95722924 -0.00371529  0.59065637 -0.878099   -0.9372884
  -0.30610026 -0.75527154  0.48921508 -0.32594741 -0.2367993  -0.90664465
  -0.05572179  0.72468267 -0.97269779 -0.66485732 -0.08843829 -0.13666298
  -0.09922481  0.835684   -0.52567845  0.70896947 -0.60730677  0.51978481]
 [-0.54727128 -0.26633947 -0.05485342  0.17843183 -0.69910516  0.5641762
   0.44316021 -0.44615863  0.08471572 -0.09295645  0.55187963  0.42891714
   0.48464243 -0.49390476  0.24593585 -0.74940313 -0.86401866  0.19112056
  -0.3766762   0.3146422  -0.59530705  0.25365708  0.56393241 -0.49443647
  -0.57977668 -0.29519722 -0.50963407 -0.10215757 -0.4277478   0.32305764
   0.46351375  0.52845674  0.58373285  1.00225054 -0.51859749  0.48593734]]
[[ 0.01880643  0.65033349  0.4939551  -0.70100762 -0.91396485  0.54775295
  -0.77237237  0.63783302 -0.64767164]
 [-0.13641554  0.28568446 -0.83545457 -0.17612276  0.85903661 -0.72963124
   0.24650672 -0.00829618 -0.6713314 ]
 [-0.23954024  1.04190379 -0.20318041 -0.36377159  0.62053031  0.69869344
  -0.49084702 -0.34433608 -0.24092968]
 [-0.68054878  0.03930602  0.81076404  0.65724261 -0.14402733 -0.2709886
   1.00054038  0.38768498  0.5097687 ]
 [-0.89997333  0.65971435  0.8511178  -0.18862983 -0.90032017  0.09893388
   1.00694157  0.20319863  0.33847824]
 [-0.8386898   0.86925696 -0.44380473 -0.93805635 -0.48393389 -0.43767155
  -0.37773456  0.10232411 -0.12515733]
 [ 0.78485703  0.83347539 -0.45079869 -0.71593956  0.85160042 -0.33150044
   0.80106534 -0.48120272 -0.13813897]
 [-0.00599315 -0.46298559 -0.75121389 -0.85355913  0.77179597  0.3686035
  -0.78360267  0.27284257  0.50478671]
 [-0.13413758  0.4069088  -0.45771143  0.96471594 -0.93735348 -0.63312466
  -0.04514984  0.04664042  0.74860756]
 [-0.08879336  0.9088846   0.71178553 -0.39722009 -0.90984334  0.91353296
  -0.87510253 -0.94447837 -0.17056379]]