36 9 10
[[ -1.37639396e-01   9.39743926e-01   3.72238908e-01   5.28301052e-01
    7.39826390e-01   3.59954188e-01  -2.90002093e-01   5.09867352e-01
   -4.95208460e-01   7.10694508e-01   9.67379784e-01  -9.34176845e-01
    2.86156712e-01   5.87246354e-01  -8.30867087e-01   2.49067474e-01
   -8.25193588e-01  -7.85691199e-01  -3.93626783e-01  -8.32185478e-01
    6.27042854e-01  -1.09406193e-01  -5.65616168e-02  -1.04886056e+00
   -5.23516882e-01  -1.09448693e-01   6.89649219e-01  -6.58038972e-01
    4.29065414e-01  -8.66137343e-01  -5.46869430e-01   1.54261708e-01
    4.53288437e-01  -4.18509225e-01   1.01185041e+00  -5.13801281e-01]
 [ -5.98794101e-01   1.75907110e-01  -1.60476806e-01   2.72224246e-01
   -4.58721751e-01   7.52743336e-01   6.43422238e-02  -7.13736258e-01
    3.25373559e-01  -7.78569144e-01  -2.17450952e-01   1.79229487e-01
    4.83904030e-01  -5.37567530e-01   6.54365406e-01   5.37272522e-01
   -7.96522257e-01  -8.00365711e-01   6.31336979e-01  -3.11989883e-01
    4.72713937e-01   2.65035648e-01  -9.62277770e-01   4.00322190e-02
   -6.99610331e-01   4.41363661e-01  -6.08928896e-01  -5.65170671e-01
    5.61354372e-01   9.35174295e-01  -2.65781551e-01  -8.56528480e-01
   -7.53860818e-01   2.39083503e-01   7.62321330e-01   2.21440543e-01]
 [ -5.00997098e-01  -2.29744727e-01   6.12169886e-02  -1.41861906e-01
    9.70835678e-01   5.44375922e-02  -8.36921452e-01   6.29387295e-01
    4.72608380e-01   3.16463327e-01   6.96780058e-01  -4.76591066e-01
   -2.89574331e-01   1.00304991e+00  -8.07606775e-01   5.84817513e-01
   -8.21635346e-01   5.77754184e-01   8.36398525e-02  -6.56087779e-01
   -9.52513937e-01   9.56592411e-01   8.17145740e-01   2.52657807e-01
    2.18521862e-01  -2.21862881e-01   7.80152693e-01  -6.59274146e-01
   -5.83299794e-01   1.83328435e-03   7.12171648e-01   1.63751145e-01
   -8.68268618e-01   4.60896991e-01   7.42268058e-01   2.94530246e-01]
 [  1.49342085e-01  -8.43313715e-01   8.09892233e-01  -8.79712780e-01
   -9.26952701e-01  -8.60317315e-01   7.19888361e-01  -4.67834086e-01
   -6.81413816e-01  -8.21696735e-01  -2.03855033e-01  -3.65882726e-01
   -2.38876140e-01   1.00352269e-01  -1.90688129e-01  -1.94412651e-01
   -4.20528939e-01   7.25578465e-01   8.87260692e-01   1.56331566e-01
    9.73254949e-01   5.27839349e-01   5.93972418e-01   1.83195809e-01
   -3.00045966e-02  -3.77921147e-02  -9.42788648e-01   6.20312253e-01
   -7.94603039e-02  -9.26309915e-01   5.50185783e-01  -4.55105842e-01
    3.35395337e-01   6.96129042e-02   7.74087131e-01  -5.20775215e-01]
 [ -7.60281163e-01   9.88556829e-01  -1.91605803e-01   3.67000927e-01
   -3.99101973e-01  -4.34239629e-01  -5.20313737e-01   8.70369765e-01
   -7.64753501e-01   5.32124138e-01  -2.64550204e-01   4.95328362e-01
   -5.64051428e-01  -2.97594596e-01  -2.99644196e-01   5.23801752e-01
    4.16668531e-01  -4.98522751e-01  -1.85179792e-01   2.46160106e-01
   -2.14826427e-01   4.23001664e-01  -7.49580296e-01   7.09662582e-01
    1.44736266e-01  -5.51870602e-01   9.87547050e-01  -9.39182673e-01
   -6.15947705e-01  -7.87230181e-02  -9.88147791e-01  -2.31253808e-01
   -4.13530472e-01   8.92357445e-01  -5.54733846e-01  -1.07052198e-03]
 [  9.38148899e-01   7.05554491e-01   1.81232925e-01  -6.26743001e-01
   -8.46835274e-01   2.59936638e-02  -1.73546497e-01  -7.63128402e-01
   -5.97022156e-01  -7.65356191e-01   5.49774941e-01  -8.62429184e-01
   -8.12128219e-02   8.56058727e-01  -1.32653107e-01  -4.31448542e-02
    8.58289411e-01  -4.97410283e-01  -6.95387142e-01  -6.65938794e-01
   -9.30708443e-01  -1.01737201e+00   2.81712147e-01   1.09308304e-04
   -2.96379426e-01   8.11302463e-02  -7.84201681e-01  -2.17928686e-02
   -7.88799491e-01  -4.60823147e-01   3.20175416e-01   5.28923390e-02
    6.83003190e-01  -6.12881823e-01   4.68031559e-01   7.55504434e-01]
 [ -5.10420563e-01   1.55302418e-01   4.15216725e-01   1.31606610e-01
    2.89210053e-01   3.07904864e-01   9.72097427e-01  -4.13371940e-01
   -9.29589365e-01   1.81607302e-01  -9.92659334e-01  -7.54233697e-01
    2.94415854e-01  -4.30421800e-01  -5.47723146e-01  -4.55758363e-01
    4.17385900e-01   1.76086159e-01  -8.49855127e-01   7.28233316e-01
    7.19583104e-01   4.89420035e-01  -4.44362425e-01   4.28638212e-01
   -2.95027005e-01   8.68476233e-01  -6.87342435e-01   4.45040176e-01
    7.70019601e-01   8.65424241e-01  -3.36025202e-02   6.84148879e-01
    1.02845698e+00   8.69773100e-01  -2.66140977e-01   3.33631358e-01]
 [ -6.73206933e-01   2.90956804e-01   6.21062536e-01  -3.47223382e-01
   -2.59697938e-01  -7.61324593e-01  -5.69138490e-01   4.41302781e-01
   -3.87803894e-01   5.52570376e-01  -5.23765808e-01  -6.04289354e-01
   -4.19487215e-02  -7.37383667e-01  -3.67026585e-01   5.73080664e-01
   -8.72638836e-01   8.82788262e-02  -9.47721305e-03  -6.94615712e-01
   -2.56065286e-01  -3.16690685e-01  -4.01005621e-01   6.25704903e-02
   -3.92568108e-02  -5.86906056e-01   4.90877103e-01   3.03558750e-01
    1.16168630e-01  -6.79286223e-01  -7.55697104e-01   8.49672815e-01
   -5.29196455e-01   7.12074080e-02   9.88741367e-01  -7.21729402e-01]
 [  4.19773910e-01   7.69889038e-01  -9.75697066e-02   6.64612903e-02
   -6.12940691e-01   6.61604161e-01   4.33389995e-01  -4.20958389e-01
   -9.56984865e-01  -2.88506904e-01  -2.80971122e-01  -5.40779211e-01
    7.14388844e-02  -4.38834632e-01   2.43064862e-01  -7.21589154e-01
   -8.43711747e-01   3.06572616e-01   6.74795762e-01   5.80241443e-01
   -5.15796718e-01   3.06858186e-01  -4.23308908e-02   5.33011656e-01
    1.62971154e-01   5.49755808e-01  -5.33443847e-01  -7.76782624e-01
    1.01499350e-01   3.21479615e-01  -4.54884320e-01  -2.30405143e-01
    3.31650964e-01   4.75087490e-01  -1.38661832e-01   4.69407369e-01]]
[[ -3.71074724e-03  -9.00403366e-01   4.67261833e-01  -4.52194552e-01
   -1.50456577e-01  -9.04303419e-01  -7.92413835e-01   6.82965083e-01
   -6.51758090e-01]
 [ -8.23047186e-01   2.56801269e-01  -6.64922692e-02  -6.49369613e-01
    8.25150109e-01   3.62962728e-01  -4.36439433e-01  -7.96556190e-02
   -1.07069005e-01]
 [  2.40982017e-01   7.69339267e-01   3.13437016e-01  -2.91333067e-01
    6.64602712e-01   2.03756902e-01  -7.77479116e-01  -8.36333167e-01
   -4.72421576e-01]
 [ -9.92392559e-01   3.04904567e-01  -3.47300311e-01   7.55816083e-01
   -8.84339699e-02   2.34395001e-01  -5.28047036e-01  -3.03960544e-01
    4.26477891e-01]
 [ -2.38966174e-01  -6.91560339e-01  -3.93819184e-01  -8.33541024e-01
    6.41212380e-01   6.58929330e-01   2.64154160e-01  -8.00256361e-01
    5.52443216e-01]
 [  4.31104686e-01  -1.08245356e-01  -6.77135127e-01   4.63427111e-01
    5.07372755e-01   1.71283818e-01  -8.56440633e-01  -3.19346510e-01
    7.85079736e-01]
 [ -2.44138794e-01   4.32185603e-04  -1.49388275e-01  -7.15160890e-01
    8.55878307e-01  -3.41918214e-01  -6.71614495e-01  -8.63955022e-01
   -5.23091927e-01]
 [  3.30584410e-03  -4.90693456e-01   3.28133953e-01   6.45427275e-01
    7.82079237e-01   7.88840715e-01  -5.52506484e-01   2.86031339e-01
    2.59597254e-01]
 [  1.73909520e-02   2.99124178e-01  -7.49664626e-02   9.65834216e-01
    7.34615887e-01  -6.46919197e-01   7.90482174e-01   5.16762046e-01
    1.08104786e-01]
 [  3.64010359e-02   4.91262494e-01  -6.76863515e-01   4.51162310e-01
   -3.10380895e-01  -9.84052090e-01  -8.95617977e-02  -2.57071185e-01
    8.23490425e-01]]